-1 0 64
-0.20670579 -0.92321537  0.32395384  0.74292333
 -0.86082659  0.01423586 -0.50869924  0.37805166
  0.4650272  -0.38401916 -0.79767098  0.96487127
  0.          0.          0.          1.        
0 1 64
-0.15239804 -0.92400967  0.35068641  0.72299128
 -0.92817363  0.01191733 -0.37195656  0.27607483
  0.33951221 -0.38218333 -0.85945759  1.01093106
  0.          0.          0.          1.        
1 2 64
-0.09465153 -0.92465724  0.36884966  0.70944737
 -0.97394902  0.00931525 -0.22657565  0.16765423
  0.20606889 -0.3806865  -0.90145072  1.04223   
  0.          0.          0.          1.        
2 3 64
-0.03481583 -0.92513035  0.37804986  0.70260542
 -0.99709194  0.00649528 -0.07593075  0.05531025
  0.06779031 -0.37959406 -0.92266615  1.05804043
  0.          0.          0.          1.        
3 4 64
 0.02573583 -0.92543449  0.37803264  0.70262485
 -0.99706354  0.0035209   0.07649768 -0.05834737
 -0.07212461 -0.3788913  -0.92262637  1.05799551
  0.          0.          0.          1.        
4 5 64
 8.55680197e-02 -9.25562443e-01  3.68798424e-01  7.09505216e-01
 -9.73864474e-01  4.68161637e-04  2.27129407e-01 -1.70676474e-01
 -2.10395106e-01 -3.78594697e-01 -9.01332322e-01  1.04209631e+00
  0.00000000e+00  0.00000000e+00  0.00000000e+00  1.00000000e+00
5 6 64
 0.14330778 -0.92549494  0.35060235  0.7230862 
 -0.92803488 -0.00259403  0.37248427 -0.27906767
 -0.34382283 -0.3787511  -0.85926333  1.01071171
  0.          0.          0.          1.        
6 7 64
 0.19760556 -0.92524613  0.3238389   0.74305312
 -0.86063679 -0.00558935  0.50918865 -0.38100024
 -0.46931478 -0.37932618 -0.79740535  0.96457135
  0.          0.          0.          1.        
7 8 64
 0.14163578 -0.96311207  0.22881096  0.8133195 
 -0.86063548 -0.00559472  0.50919081 -0.38100023
 -0.48912768 -0.26904246 -0.82968082  0.99028175
  0.          0.          0.          1.        
8 9 64
 0.10229265 -0.96329574  0.2481885   0.79885968
 -0.92803783 -0.0025817   0.372477   -0.2790677 
 -0.35816475 -0.26842998 -0.89423898  1.03843292
  0.          0.          0.          1.        
9 10 64
 6.04874696e-02 -9.63343489e-01  2.61362942e-01  7.89024581e-01
 -9.73865111e-01  4.73203265e-04  2.27126665e-01 -1.70676484e-01
 -2.18924672e-01 -2.68270568e-01 -9.38137991e-01  1.07118528e+00
  0.00000000e+00  0.00000000e+00  0.00000000e+00  1.00000000e+00
10 11 64
 0.0171601  -0.96325346  0.26804535  0.78404223
 -0.99706444  0.00352138  0.07648598 -0.05834742
 -0.07461928 -0.26857099 -0.96036534  1.0877773 
  0.          0.          0.          1.        
11 12 64
-0.02668298 -0.96303324  0.26805781  0.78402815
 -0.99709283  0.0064948  -0.07591905  0.0553103 
  0.07137159 -0.26930427 -0.96040684  1.08782416
  0.          0.          0.          1.        
12 13 64
-0.07001286 -0.96268802  0.26140004  0.78898269
 -0.97394971  0.00931022 -0.22657291  0.16765424
  0.21568534 -0.27045351 -0.93826155  1.07132479
  0.          0.          0.          1.        
13 14 64
-0.11182294 -0.96222029  0.24824937  0.79879095
 -0.92817671  0.01190504 -0.37194928  0.27607486
  0.35494173 -0.27201175 -0.89444171  1.03866182
  0.          0.          0.          1.        
14 15 64
-0.15117325 -0.96164135  0.2288942   0.81322551
 -0.86082523  0.01424122 -0.5087014   0.37805165
  0.48592857 -0.27393994 -0.82995803  0.99059474
  0.          0.          0.          1.        
15 16 64
-0.0935577  -0.98699703  0.1307051   0.88604422
 -0.8608229   0.01423124 -0.50870561  0.37805163
  0.50023083 -0.16010727 -0.85096109  1.00795851
  0.          0.          0.          1.        
16 17 64
-0.06974588 -0.98734473  0.14242854  0.87730384
 -0.92817155  0.01190884 -0.37196204  0.27607481
  0.36555861 -0.15814093 -0.91725588  1.05737838
  0.          0.          0.          1.        
17 18 64
-0.04442238 -0.98762808  0.15039095  0.87136528
 -0.97394871  0.00930505 -0.22657741  0.16765422
  0.22237482 -0.15653818 -0.96231244  1.0909616 
  0.          0.          0.          1.        
18 19 64
-0.01819882 -0.98784005  0.15440477  0.86836552
 -0.99709237  0.00650185 -0.07592456  0.05531028
  0.07399741 -0.15533755 -0.9850861   1.10792588
  0.          0.          0.          1.        
19 20 64
 0.00836256 -0.98797346  0.15439722  0.86837404
 -0.99706404  0.00351433  0.07649149 -0.0583474 
 -0.07611417 -0.15458358 -0.98504343  1.1078777 
  0.          0.          0.          1.        
20 21 64
 3.45846418e-02 -9.88024909e-01  1.50368484e-01  8.71390643e-01
 -9.73864059e-01  4.78357907e-04  2.27131166e-01 -1.70676462e-01
 -2.24483179e-01 -1.54293712e-01 -9.62185404e-01  1.09081816e+00
  0.00000000e+00  0.00000000e+00  0.00000000e+00  1.00000000e+00
21 22 64
 0.05990518 -0.98799594  0.14239168  0.87734546
 -0.9280327  -0.00258556  0.37248975 -0.27906764
 -0.3676502  -0.1544582  -0.91704743  1.05714302
  0.          0.          0.          1.        
22 23 64
 0.08371262 -0.98788742  0.1306547   0.88610113
 -0.86063305 -0.00558477  0.50919501 -0.38100021
 -0.50229767 -0.15507181 -0.85067608  1.00763671
  0.          0.          0.          1.        
23 24 64
 0.02468097 -0.99922317  0.03072296  0.9604074 
 -0.86063907 -0.0056021   0.50918465 -0.38100026
 -0.50861699 -0.03900855 -0.86010877  1.01639996
  0.          0.          0.          1.        
24 25 64
 0.01669893 -0.99926001  0.03464949  0.95747622
 -0.92803422 -0.00259265  0.37248593 -0.27906766
 -0.37212046 -0.03837602 -0.92739077  1.06658883
  0.          0.          0.          1.        
25 26 64
 8.22116836e-03 -9.99269370e-01  3.73247609e-02  9.55482343e-01
 -9.73866959e-01  4.71172886e-04  2.27118745e-01 -1.70676521e-01
 -2.26970392e-01 -3.82165328e-02 -9.73151549e-01  1.10072785e+00
  0.00000000e+00  0.00000000e+00  0.00000000e+00  1.00000000e+00
26 27 64
-5.67650915e-04 -9.99251553e-01  3.86783201e-02  9.54471508e-01
 -9.97063348e-01  3.52751213e-03  7.64999112e-02 -5.83473534e-02
 -7.65790933e-02 -3.85213101e-02 -9.96319101e-01  1.11802267e+00
  0.00000000e+00  0.00000000e+00  0.00000000e+00  1.00000000e+00
27 28 64
-0.00944815 -0.99920695  0.03868084  0.95446866
 -0.99709181  0.00648867 -0.07593298  0.05531024
  0.07562178 -0.03928578 -0.99636237  1.11807152
  0.          0.          0.          1.        
28 29 64
-0.01823747 -0.99913647  0.03733228  0.95547385
 -0.97395153  0.00931227 -0.22656499  0.16765428
  0.2260217  -0.04049181 -0.97328033  1.10087326
  0.          0.          0.          1.        
29 30 64
-0.02671623 -0.99904194  0.03466183  0.95746229
 -0.92817299  0.01191595 -0.37195822  0.27607483
  0.37118883 -0.04210949 -0.92760209  1.06682743
  0.          0.          0.          1.        
30 31 64
-0.03469973 -0.99892492  0.03073984  0.96038834
 -0.86082874  0.01424863 -0.50869525  0.37805168
  0.50771036 -0.04411332 -0.8603977   1.01672619
  0.          0.          0.          1.        
31 32 64
 0.02466226 -0.99726714 -0.06964206  1.03524869
 -0.86082881  0.01423552 -0.50869551  0.37805167
  0.5082967   0.07249547 -0.8581252   1.01677882
  0.          0.          0.          1.        
32 33 64
 0.01667876 -0.99715101 -0.07356407  1.03817574
 -0.92817299  0.01191594 -0.37195822  0.27607483
  0.3717751   0.07448398 -0.92532989  1.06688006
  0.          0.          0.          1.        
33 34 64
 0.0082     -0.9970562  -0.07623452  1.04016418
 -0.97395153  0.00931309 -0.22656497  0.16765428
  0.22660799  0.07610656 -0.97100804  1.10092589
  0.          0.          0.          1.        
34 35 64
-5.89322674e-04 -9.96985716e-01 -7.75830816e-02  1.04116837e+00
 -9.97091762e-01  6.49829675e-03 -7.59327953e-02  5.53102415e-02
  7.62080702e-02  7.73127027e-02 -9.94090074e-01  1.11812415e+00
  0.00000000e+00  0.00000000e+00  0.00000000e+00  1.00000000e+00
35 36 64
-0.00946982 -0.99694111 -0.07758056  1.04116552
 -0.9970634   0.00351788  0.07649972 -0.05834736
 -0.0759928   0.07807717 -0.9940468   1.11807529
  0.          0.          0.          1.        
36 37 64
-1.82586407e-02 -9.96923300e-01 -7.62269979e-02  1.04015569e+00
 -9.73866963e-01  4.70355257e-04  2.27118729e-01 -1.70676521e-01
 -2.26384099e-01  7.83818342e-02 -9.70879255e-01  1.10078048e+00
  0.00000000e+00  0.00000000e+00  0.00000000e+00  1.00000000e+00
37 38 64
-0.0267364  -0.99693295 -0.07355173  1.03816181
 -0.92803422 -0.00259264  0.37248593 -0.27906766
 -0.37153419  0.07821745 -0.92511857  1.06664146
  0.          0.          0.          1.        
38 39 64
-0.03471844 -0.99696889 -0.06962518  1.03522963
 -0.860639   -0.00558899  0.50918491 -0.38100026
 -0.50803065  0.07760025 -0.85783627  1.01645259
  0.          0.          0.          1.        
39 40 64
-0.09361358 -0.98115549 -0.16902784  1.10954916
 -0.86063316 -0.00560677  0.50919458 -0.38100022
 -0.50054676  0.19313849 -0.84389008  1.00779387
  0.          0.          0.          1.        
40 41 64
-0.06980613 -0.98104597 -0.18076479  1.11830382
 -0.92803278 -0.00259989  0.37248947 -0.27906765
 -0.36589927  0.1937577  -0.91026133  1.05730018
  0.          0.          0.          1.        
41 42 64
-4.44856001e-02 -9.81018668e-01 -1.88741634e-01  1.12425864e+00
 -9.73864138e-01  4.62662991e-04  2.27130860e-01 -1.70676469e-01
 -2.22732290e-01  1.93912761e-01 -9.55399481e-01  1.09097532e+00
  0.00000000e+00  0.00000000e+00  0.00000000e+00  1.00000000e+00
42 43 64
-0.01826354 -0.9810739  -0.19277044  1.12727624
 -0.99706396  0.00353139  0.07649182 -0.05834739
 -0.07436338  0.19360147 -0.97825792  1.10803485
  0.          0.          0.          1.        
43 44 64
 0.00829784 -0.98120731 -0.19277799  1.12728476
 -0.99709245  0.0064848  -0.07592489  0.05531027
  0.07574819  0.19284749 -0.9783006   1.10808304
  0.          0.          0.          1.        
44 45 64
 0.03452143 -0.9814155  -0.1887641   1.124284  
 -0.97394863  0.00932075 -0.22657711  0.16765423
  0.22412571  0.1916683  -0.95552652  1.09111876
  0.          0.          0.          1.        
45 46 64
 0.05984493 -0.98169718 -0.18080165  1.11834544
 -0.92817147  0.01192317 -0.37196176  0.27607481
  0.36730954  0.19007496 -0.91046977  1.05753554
  0.          0.          0.          1.        
46 47 64
 0.08365675 -0.98204587 -0.16907824  1.10960606
 -0.86082279  0.01425324 -0.50870518  0.37805164
  0.50198174  0.18810302 -0.84417509  1.00811568
  0.          0.          0.          1.        
47 48 64
 0.1415435  -0.95346441 -0.2662162   1.18244912
 -0.86082522  0.01424314 -0.50870137  0.37805165
  0.4888204   0.30116899 -0.81875018  0.99085431
  0.          0.          0.          1.        
48 49 64
 0.10219316 -0.95289321 -0.28557152  1.19688267
 -0.9281766   0.01192653 -0.37194887  0.27607487
  0.35783342  0.30307143 -0.88323437  1.03892138
  0.          0.          0.          1.        
49 50 64
 0.06038307 -0.9524279  -0.29872224  1.20669093
 -0.97394968  0.00931542 -0.22657281  0.16765425
  0.21857699  0.30462159 -0.92705436  1.07158435
  0.          0.          0.          1.        
50 51 64
 0.01705321 -0.95207788 -0.30537991  1.21164547
 -0.99709285  0.00649163 -0.07591912  0.0553103 
  0.07426333  0.30578679 -0.94919935  1.08808372
  0.          0.          0.          1.        
51 52 64
-0.02678987 -0.95185767 -0.30536745  1.2116314 
 -0.99706442  0.00352456  0.07648605 -0.05834742
 -0.07172754  0.30652007 -0.94915784  1.08803686
  0.          0.          0.          1.        
52 53 64
-7.01172631e-02 -9.51772430e-01 -2.98685138e-01  1.20664904e+00
 -9.73865137e-01  4.67999363e-04  2.27126564e-01 -1.70676487e-01
 -2.16033017e-01  3.06804536e-01 -9.26930802e-01  1.07144484e+00
  0.00000000e+00  0.00000000e+00  0.00000000e+00  1.00000000e+00
53 54 64
-0.11192243 -0.95181775 -0.28551065  1.19681394
 -0.92803794 -0.00260319  0.37247658 -0.27906771
 -0.35527306  0.3066532  -0.88303163  1.03869248
  0.          0.          0.          1.        
54 55 64
-0.15126552 -0.95199369 -0.26613295  1.18235513
 -0.86063549 -0.00559664  0.50919077 -0.38100023
 -0.48623585  0.30606647 -0.81847298  0.99054132
  0.          0.          0.          1.        
55 56 64
-0.20683321 -0.90989344 -0.3596025   1.2526576 
 -0.86063685 -0.00560191  0.5091884  -0.38100025
 -0.46532164  0.41480424 -0.78192916  0.96492977
  0.          0.          0.          1.        
56 57 64
-0.15253543 -0.90964515 -0.38636596  1.27262352
 -0.92803487 -0.00259119  0.37248433 -0.27906767
 -0.33982971  0.41537813 -0.84378716  1.01107014
  0.          0.          0.          1.        
57 58 64
-9.47957025e-02 -9.09584100e-01 -4.04562159e-01  1.28620550e+00
 -9.73864450e-01  4.72923691e-04  2.27129500e-01 -1.70676472e-01
 -2.06402055e-01  4.15519605e-01 -8.85856450e-01  1.04245473e+00
  0.00000000e+00  0.00000000e+00  0.00000000e+00  1.00000000e+00
58 59 64
-0.03496344 -0.90969794 -0.4137961   1.29308587
 -0.99706352  0.00352457  0.07649775 -0.05834736
 -0.06813139  0.41525562 -0.90714987  1.05835395
  0.          0.          0.          1.        
59 60 64
 0.02558822 -0.91000208 -0.41381332  1.29310531
 -0.99709196  0.00649161 -0.07593083  0.05531025
  0.07178352  0.41455286 -0.90718964  1.05839886
  0.          0.          0.          1.        
60 61 64
 0.08542385 -0.9104893  -0.40461339  1.28626335
 -0.97394905  0.00931049 -0.22657575  0.16765423
  0.21006194  0.4134278  -0.88597485  1.04258841
  0.          0.          0.          1.        
61 62 64
 0.14317039 -0.91113041 -0.38645002  1.27271844
 -0.92817365  0.01191449 -0.37195661  0.27607483
  0.34350534  0.4119459  -0.84398143  1.01128948
  0.          0.          0.          1.        
62 63 64
 0.19747815 -0.9119242  -0.35971744  1.25278739
 -0.86082653  0.01424842 -0.508699    0.37805166
  0.46902033  0.41011125 -0.78219479  0.96522969
  0.          0.          0.          1.        
