-1 0 64
-0.20622305 -0.92340727  0.3237145   0.73877776
 -0.86063842  0.0137565  -0.50903072  0.38436809
  0.46558949 -0.383575   -0.79755667  0.97510753
  0.          0.          0.          1.        
0 1 64
-0.15192516 -0.9241704   0.350468    0.71851541
 -0.92803695  0.01136999 -0.37231458  0.28063965
  0.3400973  -0.3818112  -0.85939167  1.02193074
  0.          0.          0.          1.        
1 2 64
-0.09418528 -0.92478306  0.36865354  0.70475082
 -0.973867    0.00871266 -0.2269519   0.17036142
  0.20666931 -0.38039504 -0.9014363   1.05373989
  0.          0.          0.          1.        
2 3 64
-0.03435286 -0.92521833  0.37787687  0.69780259
 -0.99706648  0.00585143 -0.07631648  0.05609692
  0.06839828 -0.37939005 -0.92270519  1.06979534
  0.          0.          0.          1.        
3 4 64
 0.02619899 -0.92548257  0.37788309  0.69783313
 -0.99709524  0.00285077  0.07611145 -0.05949974
 -0.07151707 -0.37877948 -0.92271958  1.06972477
  0.          0.          0.          1.        
4 5 64
 8.60348329e-02 -9.25569509e-01  3.68672066e-01  7.04841716e-01
 -9.73952592e-01 -2.12686353e-04  2.26751632e-01 -1.73740869e-01
 -2.09795985e-01 -3.78577653e-01 -9.01479121e-01  1.05352983e+00
  0.00000000e+00  0.00000000e+00  0.00000000e+00  1.00000000e+00
5 6 64
 0.14378159 -0.92546082  0.3504984   0.71866455
 -0.92817737 -0.00326977  0.37212373 -0.28397289
 -0.34323989 -0.37882923 -0.85946192  1.02158608
  0.          0.          0.          1.        
6 7 64
 0.19808957 -0.92517162  0.32375607  0.73898169
 -0.86083035 -0.00624428  0.50885373 -0.38763237
 -0.46875541 -0.37949767 -0.79765274  0.97463626
  0.          0.          0.          1.        
7 8 64
 0.14218161 -0.96305802  0.22869989  0.81044742
 -0.86082903 -0.00624965  0.50885589 -0.38763239
 -0.48862845 -0.26922146 -0.82991689  1.00075217
  0.          0.          0.          1.        
8 9 64
 0.10283111 -0.96327096  0.24806214  0.79573402
 -0.92818033 -0.00325745  0.37211646 -0.28397283
 -0.35764093 -0.26851155 -0.89442412  1.04974813
  0.          0.          0.          1.        
9 10 64
 6.10208553e-02 -9.63348526e-01  2.61220352e-01  7.85723813e-01
 -9.73953232e-01 -2.07644673e-04  2.26748891e-01 -1.73740845e-01
 -2.18383969e-01 -2.68252817e-01 -9.38269081e-01  1.08308397e+00
  0.00000000e+00  0.00000000e+00  0.00000000e+00  1.00000000e+00
10 11 64
 0.01769085 -0.96328819  0.26788596  0.78064866
 -0.99709613  0.00285125  0.07609975 -0.05949964
 -0.0740698  -0.26845432 -0.96044049  1.09998468
  0.          0.          0.          1.        
11 12 64
-0.02615237 -0.96309687  0.26788145  0.78062655
 -0.99706737  0.00585096 -0.07630478  0.05609682
  0.07192153 -0.26909141 -0.96042548  1.10005832
  0.          0.          0.          1.        
12 13 64
-0.06947988 -0.96277904  0.26120693  0.78565799
 -0.97386768  0.00870763 -0.22694916  0.1703614 
  0.2162274  -0.27014939 -0.9382244   1.08330318
  0.          0.          0.          1.        
13 14 64
-0.11128516 -0.96233659  0.24804013  0.79562602
 -0.92804002  0.0113577  -0.37230731  0.28063958
  0.35546778 -0.27162344 -0.89435081  1.05010781
  0.          0.          0.          1.        
14 15 64
-0.15062833 -0.96178024  0.22866979  0.81029973
 -0.86063705  0.01376185 -0.50903288  0.38436811
  0.48643085 -0.27347646 -0.82981664  1.00124398
  0.          0.          0.          1.        
15 16 64
-0.09295801 -0.987081    0.13049868  0.88437824
 -0.86063472  0.01375188 -0.50903709  0.38436814
  0.50066624 -0.15963077 -0.85079453  1.01887594
  0.          0.          0.          1.        
16 17 64
-0.06915051 -0.98741504  0.14223129  0.875493  
 -0.92803485  0.01136151 -0.37232007  0.28063969
  0.36601847 -0.15774172 -0.91714123  1.06911493
  0.          0.          0.          1.        
17 18 64
-0.04382992 -0.98768307  0.15020348  0.8694577 
 -0.97386668  0.00870246 -0.22695366  0.17036143
  0.22285114 -0.15622552 -0.96225306  1.10324558
  0.          0.          0.          1.        
18 19 64
-0.01760779 -0.98787847  0.15422744  0.86641159
 -0.99706691  0.00585801 -0.07631028  0.05609687
  0.07448182 -0.15511873 -0.98508408  1.1204729 
  0.          0.          0.          1.        
19 20 64
 0.00895368 -0.98799438  0.15423017  0.86642499
 -0.99709573  0.0028442   0.07610525 -0.05949969
 -0.07563022 -0.15446366 -0.98509951  1.12039718
  0.          0.          0.          1.        
20 21 64
 3.51773488e-02 -9.88027848e-01  1.50211600e-01  8.69497554e-01
 -9.73952185e-01 -2.02490116e-04  2.26753392e-01 -1.73740880e-01
 -2.24008250e-01 -1.54275499e-01 -9.62299005e-01  1.10302019e+00
  0.00000000e+00  0.00000000e+00  0.00000000e+00  1.00000000e+00
21 22 64
 0.06050095 -0.98798082  0.14224462  0.8755584 
 -0.9281752  -0.0032613   0.37212922 -0.28397293
 -0.36719263 -0.1545421  -0.91721661  1.06874511
  0.          0.          0.          1.        
22 23 64
 0.08431287 -0.98785458  0.13051691  0.88446765
 -0.86082662 -0.0062397   0.5088601  -0.38763242
 -0.5018654  -0.15525588 -0.85089761  1.01837028
  0.          0.          0.          1.        
23 24 64
 0.02532746 -0.99921198  0.03056031  0.96003473
 -0.86083262 -0.00625703  0.50884974 -0.38763234
 -0.50825754 -0.03919518 -0.86031274  1.0272508 
  0.          0.          0.          1.        
24 25 64
 0.01734393 -0.99925475  0.03448374  0.95705217
 -0.92817671 -0.00326839  0.3721254  -0.2839729 
 -0.37173536 -0.03846112 -0.92754168  1.07832011
  0.          0.          0.          1.        
25 26 64
 8.86513782e-03 -9.99270165e-01  3.71557206e-02  9.55022735e-01
 -9.73955075e-01 -2.09674902e-04  2.26740969e-01 -1.73740781e-01
 -2.26567695e-01 -3.81980926e-02 -9.73246107e-01  1.11306735e+00
  0.00000000e+00  0.00000000e+00  0.00000000e+00  1.00000000e+00
26 27 64
 7.57843768e-05 -9.99258371e-01  3.85058728e-02  9.53993101e-01
 -9.97095052e-01  2.85737842e-03  7.61136761e-02 -5.94997564e-02
 -7.61672539e-02 -3.83997835e-02 -9.96355361e-01  1.13068391e+00
  0.00000000e+00  0.00000000e+00  0.00000000e+00  1.00000000e+00
27 28 64
-0.00880474 -0.99921962  0.03850496  0.95398862
 -0.99706634  0.00584482 -0.0763187   0.05609693
  0.07603409 -0.03906397 -0.99633971  1.13076068
  0.          0.          0.          1.        
28 29 64
-0.01759359 -0.9991547   0.037153    0.95500939
 -0.97386951  0.00870967 -0.22694123  0.17036133
  0.22642581 -0.04017488 -0.97319953  1.11329583
  0.          0.          0.          1.        
29 30 64
-0.02607137 -0.99906529  0.03447927  0.95703027
 -0.9280363   0.01136861 -0.37231624  0.28063966
  0.37157625 -0.04170481 -0.92746525  1.07869502
  0.          0.          0.          1.        
30 31 64
-0.03405342 -0.99895285  0.0305542   0.96000478
 -0.86064057  0.01376927 -0.50902673  0.38436806
  0.50807299 -0.04363029 -0.86020825  1.02776342
  0.          0.          0.          1.        
31 32 64
 0.02534639 -0.99723864 -0.06980437  1.03615277
 -0.86064063  0.01375616 -0.50902699  0.38436805
  0.50858162  0.07297847 -0.85791543  1.02778564
  0.          0.          0.          1.        
32 33 64
 0.01736434 -0.9971271  -0.07372946  1.03912828
 -0.9280363   0.0113686  -0.37231624  0.28063966
  0.37208481  0.07488864 -0.92517273  1.07871725
  0.          0.          0.          1.        
33 34 64
 0.00888656 -0.9970374  -0.07640318  1.04114916
 -0.9738695   0.00871049 -0.22694122  0.17036133
  0.22693439  0.07642345 -0.97090692  1.11331805
  0.          0.          0.          1.        
34 35 64
 9.77129576e-05 -9.96972482e-01 -7.77551363e-02  1.04216893e+00
 -9.97066301e-01  5.85445475e-03 -7.63185156e-02  5.60969355e-02
  7.65426738e-02  7.75344834e-02 -9.94047093e-01  1.13078290e+00
  0.00000000e+00  0.00000000e+00  0.00000000e+00  1.00000000e+00
35 36 64
-0.00878281 -0.99693373 -0.07775605  1.04216445
 -0.99709509  0.00284775  0.07611349 -0.05949976
 -0.07565867  0.07819867 -0.99406274  1.13070613
  0.          0.          0.          1.        
36 37 64
-1.75721670e-02 -9.96921942e-01 -7.64058972e-02  1.04113581e+00
 -9.73955079e-01 -2.10492531e-04  2.26740953e-01 -1.73740781e-01
 -2.26059114e-01  7.84002415e-02 -9.70953490e-01  1.11308957e+00
  0.00000000e+00  0.00000000e+00  0.00000000e+00  1.00000000e+00
37 38 64
-0.02605096 -0.99693764 -0.07373392  1.03910638
 -0.92817671 -0.00326838  0.3721254  -0.2839729 
 -0.3712268   0.07813233 -0.92524915  1.07834233
  0.          0.          0.          1.        
38 39 64
-0.03403449 -0.99697951 -0.06981047  1.03612282
 -0.86083256 -0.00624392  0.50884999 -0.38763234
 -0.50774891  0.07741358 -0.85801992  1.02727302
  0.          0.          0.          1.        
39 40 64
-0.09290148 -0.98118776 -0.16923325  1.11169607
 -0.86082671 -0.0062617   0.50885967 -0.38763242
 -0.50034657  0.19295432 -0.84405091  1.01843665
  0.          0.          0.          1.        
40 41 64
-0.06908955 -0.98106053 -0.18096095  1.12060433
 -0.92817527 -0.00327563  0.37212894 -0.28397293
 -0.36567378  0.1936737  -0.91036981  1.06881148
  0.          0.          0.          1.        
41 42 64
-4.37659587e-02 -9.81015172e-01 -1.88927957e-01  1.12666517e+00
 -9.73952253e-01 -2.18185027e-04  2.26753084e-01 -1.73740883e-01
 -2.22489437e-01  1.93930876e-01 -9.55452388e-01  1.10308656e+00
  0.00000000e+00  0.00000000e+00  0.00000000e+00  1.00000000e+00
42 43 64
-0.0175423  -0.98105243 -0.1929466   1.12973873
 -0.99709566  0.00286125  0.07610559 -0.05949969
 -0.0741115   0.19372128 -0.97825332  1.12046354
  0.          0.          0.          1.        
43 44 64
 0.00901916 -0.98116834 -0.19294387  1.12975213
 -0.99706699  0.00584095 -0.07631062  0.05609686
  0.07600054  0.19306622 -0.97823788  1.12053926
  0.          0.          0.          1.        
44 45 64
 0.03524131 -0.98135995 -0.18891983  1.12670502
 -0.97386661  0.00871816 -0.22695335  0.17036143
  0.22436996  0.19198085 -0.95540644  1.10331195
  0.          0.          0.          1.        
45 46 64
 0.06056191 -0.98162631 -0.18094762  1.12066972
 -0.92803479  0.01137583 -0.37231978  0.28063969
  0.36753733  0.19047408 -0.91029442  1.0691813 
  0.          0.          0.          1.        
46 47 64
 0.0843694  -0.98196134 -0.16921502  1.11178549
 -0.86063463  0.01377388 -0.50903666  0.38436814
  0.50218507  0.18857943 -0.84394784  1.01894231
  0.          0.          0.          1.        
47 48 64
 0.14227498 -0.95332498 -0.26632559  1.18587427
 -0.86063704  0.01376378 -0.50903284  0.38436811
  0.48893937  0.30163231 -0.81850855  1.00135359
  0.          0.          0.          1.        
48 49 64
 0.10293178 -0.95277636 -0.28569608  1.20054698
 -0.92803992  0.01137918 -0.37230689  0.28063958
  0.35797619  0.30345958 -0.88304322  1.05021741
  0.          0.          0.          1.        
49 50 64
 0.0611265  -0.95233634 -0.29886294  1.21051501
 -0.97386766  0.00871283 -0.22694905  0.1703614 
  0.21873577  0.30492555 -0.92691697  1.08341278
  0.          0.          0.          1.        
50 51 64
 0.017799   -0.95201372 -0.30553736  1.21554645
 -0.99706739  0.00584779 -0.07630484  0.05609682
  0.07442997  0.30599949 -0.94911774  1.10016792
  0.          0.          0.          1.        
51 52 64
-0.02604421 -0.95182239 -0.30554187  1.21552434
 -0.99709612  0.00285443  0.07609981 -0.05949964
 -0.07156136  0.30663657 -0.94913275  1.10009429
  0.          0.          0.          1.        
52 53 64
-6.93742425e-02 -9.51766851e-01 -2.98876355e-01  1.21044919e+00
 -9.73953254e-01 -2.12848573e-04  2.26748788e-01 -1.73740846e-01
 -2.15875596e-01  3.06822124e-01 -9.26961656e-01  1.08319357e+00
  0.00000000e+00  0.00000000e+00  0.00000000e+00  1.00000000e+00
53 54 64
-0.11118448 -0.95184199 -0.2857181   1.20043898
 -0.92818043 -0.00327893  0.37211604 -0.28397283
 -0.35513252  0.30657147 -0.88311654  1.04985773
  0.          0.          0.          1.        
54 55 64
-0.15053496 -0.9520472  -0.2663557   1.18572658
 -0.86082904 -0.00625157  0.50885585 -0.38763239
 -0.48611993  0.30588731 -0.8186088   1.00086178
  0.          0.          0.          1.        
55 56 64
-0.20609412 -0.90996743 -0.35983954  1.25720755
 -0.8608304  -0.00625684  0.50885348 -0.38763237
 -0.46529155  0.41463252 -0.78203813  0.97478761
  0.          0.          0.          1.        
56 57 64
-0.15178614 -0.90967874 -0.38658188  1.27752369
 -0.92817736 -0.00326693  0.37212379 -0.28397289
 -0.33977604  0.41529978 -0.84384734  1.02173743
  0.          0.          0.          1.        
57 58 64
-9.40394082e-02 -9.09576515e-01 -4.04755670e-01  1.29134753e+00
 -9.73952572e-01 -2.07924300e-04  2.26751725e-01 -1.73740868e-01
 -2.06332203e-01  4.15536424e-01 -8.85864833e-01  1.05368118e+00
  0.00000000e+00  0.00000000e+00  0.00000000e+00  1.00000000e+00
58 59 64
-0.03420351 -0.90964934 -0.41396642  1.29835612
 -0.99709523  0.00285444  0.07611152 -0.05949974
 -0.06805315  0.41536722 -0.90710465  1.06987613
  0.          0.          0.          1.        
59 60 64
 0.02634835 -0.90991358 -0.41396019  1.29838666
 -0.99706649  0.00584776 -0.07631655  0.05609692
  0.0718622   0.41475665 -0.90709026  1.0699467 
  0.          0.          0.          1.        
60 61 64
 0.08618071 -0.91036297 -0.40473714  1.29143843
 -0.97386702  0.0087079  -0.22695199  0.17036142
  0.2101331   0.41371904 -0.88582201  1.05389124
  0.          0.          0.          1.        
61 62 64
 0.14392061 -0.91096916 -0.38655148  1.27767284
 -0.92803696  0.01136716 -0.37231464  0.28063965
  0.34356114  0.41231781 -0.84377708  1.0220821 
  0.          0.          0.          1.        
62 63 64
 0.1982185  -0.91173179 -0.35979797  1.25741148
 -0.86063836  0.01376905 -0.50903048  0.38436809
  0.46905334  0.41055519 -0.78194207  0.97525888
  0.          0.          0.          1.        
