-1 0 64
-0.20622302 -0.92340727  0.3237145   0.73831849
 -0.86063842  0.01375648 -0.50903072  0.38502901
  0.46558949 -0.38357499 -0.79755667  0.97619103
  0.          0.          0.          1.        
0 1 64
-0.15192513 -0.9241704   0.350468    0.71802168
 -0.92803695  0.01136997 -0.37231458  0.28111402
  0.3400973  -0.3818112  -0.85939167  1.0230939 
  0.          0.          0.          1.        
1 2 64
-0.09418526 -0.92478306  0.36865354  0.70423429
 -0.973867    0.00871264 -0.22695189  0.17063822
  0.20666932 -0.38039504 -0.9014363   1.05495575
  0.          0.          0.          1.        
2 3 64
-0.03435284 -0.92521833  0.37787687  0.69727543
 -0.99706648  0.00585141 -0.07631647  0.05616972
  0.06839828 -0.37939005 -0.92270519  1.07103572
  0.          0.          0.          1.        
3 4 64
 0.02619902 -0.92548256  0.3778831   0.69730779
 -0.99709524  0.00285075  0.07611145 -0.05963266
 -0.07151707 -0.37877948 -0.92271957  1.07096093
  0.          0.          0.          1.        
4 5 64
 8.60348564e-02 -9.25569505e-01  3.68672069e-01  7.04330626e-01
 -9.73952591e-01 -2.12708181e-04  2.26751637e-01 -1.74076390e-01
 -2.09795981e-01 -3.78577661e-01 -9.01479118e-01  1.05473314e+00
  0.00000000e+00  0.00000000e+00  0.00000000e+00  1.00000000e+00
5 6 64
 0.14378161 -0.92546081  0.35049841  0.71817974
 -0.92817737 -0.00326979  0.37212374 -0.28450322
 -0.34323988 -0.37882924 -0.85946192  1.02272864
  0.          0.          0.          1.        
6 7 64
 0.1980896  -0.92517162  0.32375607  0.73853461
 -0.86083035 -0.0062443   0.50885374 -0.38834519
 -0.4687554  -0.37949768 -0.79765273  0.9756916 
  0.          0.          0.          1.        
7 8 64
 0.14218164 -0.96305801  0.2286999   0.81012623
 -0.86082903 -0.00624967  0.50885589 -0.38834521
 -0.48862845 -0.26922147 -0.82991688  1.00185238
  0.          0.          0.          1.        
8 9 64
 0.10283113 -0.96327095  0.24806214  0.79538551
 -0.92818033 -0.00325747  0.37211647 -0.28450315
 -0.35764093 -0.26851156 -0.89442412  1.05093936
  0.          0.          0.          1.        
9 10 64
 6.10208791e-02 -9.63348524e-01  2.61220355e-01  7.85356280e-01
 -9.73953230e-01 -2.07666500e-04  2.26748896e-01 -1.74076362e-01
 -2.18383968e-01 -2.68252825e-01 -9.38269079e-01  1.08433859e+00
  0.00000000e+00  0.00000000e+00  0.00000000e+00  1.00000000e+00
10 11 64
 0.01769087 -0.96328819  0.26788596  0.78027082
 -0.99709613  0.00285123  0.07609975 -0.05963254
 -0.0740698  -0.26845433 -0.96044049  1.1012736 
  0.          0.          0.          1.        
11 12 64
-0.02615235 -0.96309687  0.26788146  0.78024739
 -0.99706737  0.00585094 -0.07630477  0.05616961
  0.07192153 -0.26909141 -0.96042548  1.10135163
  0.          0.          0.          1.        
12 13 64
-0.06947986 -0.96277904  0.26120694  0.78528652
 -0.97386768  0.0087076  -0.22694915  0.1706382 
  0.2162274  -0.27014939 -0.9382244   1.0845709 
  0.          0.          0.          1.        
13 14 64
-0.11128513 -0.96233659  0.24804013  0.79527106
 -0.92804002  0.01135767 -0.3723073   0.28111394
  0.35546778 -0.27162343 -0.89435081  1.05132054
  0.          0.          0.          1.        
14 15 64
-0.1506283  -0.96178025  0.22866979  0.80996972
 -0.86063706  0.01376183 -0.50903288  0.38502904
  0.48643085 -0.27347645 -0.82981664  1.00237358
  0.          0.          0.          1.        
15 16 64
-0.09295799 -0.987081    0.13049868  0.88418199
 -0.86063473  0.01375186 -0.50903709  0.38502907
  0.50066624 -0.15963076 -0.85079453  1.02003628
  0.          0.          0.          1.        
16 17 64
-0.06915049 -0.98741504  0.1422313   0.87528164
 -0.92803485  0.01136148 -0.37232006  0.28111407
  0.36601847 -0.15774171 -0.91714123  1.07036074
  0.          0.          0.          1.        
17 18 64
-0.0438299  -0.98768307  0.15020348  0.86923635
 -0.97386668  0.00870244 -0.22695365  0.17063824
  0.22285114 -0.15622552 -0.96225306  1.10454793
  0.          0.          0.          1.        
18 19 64
-0.01760776 -0.98787847  0.15422744  0.8661856 
 -0.99706691  0.00585799 -0.07631028  0.05616966
  0.07448182 -0.15511873 -0.98508408  1.12180157
  0.          0.          0.          1.        
19 20 64
 0.0089537  -0.98799438  0.15423017  0.8661998 
 -0.99709573  0.00284418  0.07610526 -0.0596326 
 -0.07563022 -0.15446367 -0.98509951  1.12172133
  0.          0.          0.          1.        
20 21 64
 3.51773726e-02 -9.88027847e-01  1.50211603e-01  8.69278582e-01
 -9.73952183e-01 -2.02511944e-04  2.26753397e-01 -1.74076403e-01
 -2.24008252e-01 -1.54275508e-01 -9.62299003e-01  1.10430907e+00
  0.00000000e+00  0.00000000e+00  0.00000000e+00  1.00000000e+00
21 22 64
 0.06050097 -0.98798082  0.14224463  0.87535094
 -0.9281752  -0.00326132  0.37212923 -0.28450327
 -0.36719263 -0.15454211 -0.91721661  1.06996881
  0.          0.          0.          1.        
22 23 64
 0.08431289 -0.98785458  0.13051691  0.88427675
 -0.86082661 -0.00623972  0.5088601  -0.38834525
 -0.5018654  -0.1552559  -0.8508976   1.0195004 
  0.          0.          0.          1.        
23 24 64
 0.02532749 -0.99921198  0.03056031  0.9599767 
 -0.86083261 -0.00625705  0.50884974 -0.38834515
 -0.50825754 -0.0391952  -0.86031274  1.02839546
  0.          0.          0.          1.        
24 25 64
 0.01734395 -0.99925475  0.03448374  0.95698861
 -0.92817671 -0.00326841  0.3721254  -0.28450323
 -0.37173537 -0.03846113 -0.92754167  1.07955964
  0.          0.          0.          1.        
25 26 64
 8.86516124e-03 -9.99270164e-01  3.71557240e-02  9.54955308e-01
 -9.73955074e-01 -2.09696730e-04  2.26740975e-01 -1.74076287e-01
 -2.26567700e-01 -3.81981013e-02 -9.73246106e-01  1.11437296e+00
  0.00000000e+00  0.00000000e+00  0.00000000e+00  1.00000000e+00
26 27 64
 7.58078018e-05 -9.99258371e-01  3.85058764e-02  9.53923586e-01
 -9.97095052e-01  2.85735552e-03  7.61136815e-02 -5.96326757e-02
 -7.61672584e-02 -3.83997888e-02 -9.96355361e-01  1.13202527e+00
  0.00000000e+00  0.00000000e+00  0.00000000e+00  1.00000000e+00
27 28 64
-0.00880472 -0.99921962  0.03850496  0.95391884
 -0.99706634  0.0058448  -0.0763187   0.05616974
  0.07603409 -0.03906397 -0.99633971  1.13210662
  0.          0.          0.          1.        
28 29 64
-0.01759356 -0.9991547   0.037153    0.95494116
 -0.97386951  0.00870965 -0.22694123  0.17063812
  0.22642581 -0.04017488 -0.97319953  1.1146151 
  0.          0.          0.          1.        
29 30 64
-0.02607134 -0.9990653   0.03447928  0.9569654 
 -0.9280363   0.01136858 -0.37231624  0.28111404
  0.37157625 -0.0417048  -0.92746526  1.07995696
  0.          0.          0.          1.        
30 31 64
-0.0340534  -0.99895286  0.03055421  0.95994496
 -0.86064058  0.01376924 -0.50902672  0.38502898
  0.50807299 -0.04363028 -0.86020825  1.02893872
  0.          0.          0.          1.        
31 32 64
 0.02534642 -0.99723864 -0.06980437  1.0362302 
 -0.86064063  0.01375614 -0.50902698  0.38502898
  0.50858161  0.07297848 -0.85791543  1.02895992
  0.          0.          0.          1.        
32 33 64
 0.01736436 -0.9971271  -0.07372945  1.03921076
 -0.9280363   0.01136858 -0.37231624  0.28111404
  0.37208481  0.07488864 -0.92517273  1.07997816
  0.          0.          0.          1.        
33 34 64
 0.00888658 -0.9970374  -0.07640317  1.04123499
 -0.97386951  0.00871047 -0.22694121  0.17063812
  0.22693438  0.07642345 -0.97090692  1.11463629
  0.          0.          0.          1.        
34 35 64
 9.77356971e-05 -9.96972482e-01 -7.77551328e-02  1.04225632e+00
 -9.97066302e-01  5.85443132e-03 -7.63185102e-02  5.61697404e-02
  7.65426666e-02  7.75344817e-02 -9.94047094e-01  1.13212782e+00
  0.00000000e+00  0.00000000e+00  0.00000000e+00  1.00000000e+00
35 36 64
-0.00878279 -0.99693373 -0.07775605  1.04225157
 -0.99709509  0.00284773  0.07611349 -0.05963268
 -0.07565868  0.07819866 -0.99406274  1.13204646
  0.          0.          0.          1.        
36 37 64
-1.75721443e-02 -9.96921942e-01 -7.64058936e-02  1.04122085e+00
 -9.73955078e-01 -2.10514359e-04  2.26740959e-01 -1.74076288e-01
 -2.26059121e-01  7.84002328e-02 -9.70953489e-01  1.11439415e+00
  0.00000000e+00  0.00000000e+00  0.00000000e+00  1.00000000e+00
37 38 64
-0.02605093 -0.99693764 -0.07373392  1.03918755
 -0.92817671 -0.0032684   0.3721254  -0.28450323
 -0.37122681  0.07813232 -0.92524915  1.07958084
  0.          0.          0.          1.        
38 39 64
-0.03403447 -0.99697951 -0.06981047  1.03619846
 -0.86083256 -0.00624394  0.50885    -0.38834515
 -0.50774892  0.07741356 -0.85801992  1.02841666
  0.          0.          0.          1.        
39 40 64
-0.09290145 -0.98118776 -0.16923325  1.11190435
 -0.86082671 -0.00626172  0.50885967 -0.38834525
 -0.50034657  0.1929543  -0.84405091  1.01956369
  0.          0.          0.          1.        
40 41 64
-0.06908953 -0.98106054 -0.18096094  1.12082915
 -0.92817526 -0.00327565  0.37212894 -0.28450327
 -0.36567378  0.19367368 -0.91036981  1.07003211
  0.          0.          0.          1.        
41 42 64
-4.37659369e-02 -9.81015174e-01 -1.88927954e-01  1.12690151e+00
 -9.73952252e-01 -2.18206855e-04  2.26753089e-01 -1.74076406e-01
 -2.22489446e-01  1.93930867e-01 -9.55452388e-01  1.10437237e+00
  0.00000000e+00  0.00000000e+00  0.00000000e+00  1.00000000e+00
42 43 64
-0.01754228 -0.98105243 -0.19294659  1.12998129
 -0.99709566  0.00286123  0.07610559 -0.0596326 
 -0.07411151  0.19372128 -0.97825332  1.12178462
  0.          0.          0.          1.        
43 44 64
 0.00901918 -0.98116834 -0.19294386  1.12999549
 -0.99706699  0.00584093 -0.07631061  0.05616966
  0.07600053  0.19306622 -0.97823788  1.12186486
  0.          0.          0.          1.        
44 45 64
 0.03524134 -0.98135995 -0.18891983  1.12694374
 -0.97386661  0.00871813 -0.22695334  0.17063824
  0.22436995  0.19198085 -0.95540645  1.10461123
  0.          0.          0.          1.        
45 46 64
 0.06056193 -0.98162631 -0.18094761  1.12089845
 -0.92803479  0.01137581 -0.37231978  0.28111407
  0.36753732  0.19047409 -0.91029443  1.07042403
  0.          0.          0.          1.        
46 47 64
 0.08436943 -0.98196134 -0.16921502  1.1119991 
 -0.86063463  0.01377386 -0.50903665  0.38502908
  0.50218506  0.18857944 -0.84394784  1.02009957
  0.          0.          0.          1.        
47 48 64
 0.142275   -0.95332497 -0.26632559  1.18622118
 -0.86063705  0.01376376 -0.50903284  0.38502904
  0.48893936  0.30163232 -0.81850855  1.00247811
  0.          0.          0.          1.        
48 49 64
 0.1029318  -0.95277636 -0.28569608  1.20091884
 -0.92803992  0.01137916 -0.37230688  0.28111395
  0.35797618  0.30345959 -0.88304322  1.05142507
  0.          0.          0.          1.        
49 50 64
 0.06112652 -0.95233634 -0.29886293  1.21090337
 -0.97386766  0.00871281 -0.22694905  0.1706382 
  0.21873576  0.30492555 -0.92691697  1.08467543
  0.          0.          0.          1.        
50 51 64
 0.01779902 -0.95201372 -0.30553736  1.21594251
 -0.99706739  0.00584776 -0.07630483  0.05616961
  0.07442996  0.30599949 -0.94911775  1.10145617
  0.          0.          0.          1.        
51 52 64
-0.02604419 -0.95182239 -0.30554187  1.21591907
 -0.99709612  0.0028544   0.07609981 -0.05963254
 -0.07156137  0.30663657 -0.94913275  1.10137813
  0.          0.          0.          1.        
52 53 64
-6.93742220e-02 -9.51766854e-01 -2.98876351e-01  1.21083362e+00
 -9.73953253e-01 -2.12870400e-04  2.26748794e-01 -1.74076363e-01
 -2.15875608e-01  3.06822116e-01 -9.26961656e-01  1.08444312e+00
  0.00000000e+00  0.00000000e+00  0.00000000e+00  1.00000000e+00
53 54 64
-0.11118446 -0.951842   -0.28571809  1.20080438
 -0.92818042 -0.00327895  0.37211604 -0.28450315
 -0.35513254  0.30657146 -0.88311654  1.05104389
  0.          0.          0.          1.        
54 55 64
-0.15053494 -0.9520472  -0.26635569  1.18606466
 -0.86082904 -0.00625159  0.50885586 -0.38834521
 -0.48611994  0.3058873  -0.8186088   1.00195692
  0.          0.          0.          1.        
55 56 64
-0.2060941  -0.90996744 -0.35983953  1.25767082
 -0.8608304  -0.00625685  0.50885349 -0.38834519
 -0.46529157  0.41463251 -0.78203813  0.97583595
  0.          0.          0.          1.        
56 57 64
-0.15178612 -0.90967875 -0.38658188  1.27802469
 -0.92817736 -0.00326695  0.3721238  -0.28450322
 -0.33977605  0.41529977 -0.84384734  1.02287298
  0.          0.          0.          1.        
57 58 64
-9.40393893e-02 -9.09576519e-01 -4.04755666e-01  1.29187480e+00
 -9.73952570e-01 -2.07946128e-04  2.26751731e-01 -1.74076389e-01
 -2.06332217e-01  4.15536416e-01 -8.85864834e-01  1.05487748e+00
  0.00000000e+00  0.00000000e+00  0.00000000e+00  1.00000000e+00
58 59 64
-0.03420349 -0.90964934 -0.41396642  1.29889764
 -0.99709523  0.00285442  0.07611152 -0.05963266
 -0.06805316  0.41536722 -0.90710465  1.07110528
  0.          0.          0.          1.        
59 60 64
 0.02634836 -0.90991358 -0.41396019  1.29893001
 -0.99706649  0.00584774 -0.07631654  0.05616972
  0.07186219  0.41475665 -0.90709026  1.07118007
  0.          0.          0.          1.        
60 61 64
 0.08618073 -0.91036297 -0.40473714  1.29197114
 -0.97386702  0.00870788 -0.22695198  0.17063822
  0.21013308  0.41371904 -0.88582202  1.05510009
  0.          0.          0.          1.        
61 62 64
 0.14392063 -0.91096916 -0.38655147  1.27818276
 -0.92803696  0.01136713 -0.37231463  0.28111402
  0.34356113  0.41231781 -0.84377709  1.02323825
  0.          0.          0.          1.        
62 63 64
 0.19821852 -0.91173178 -0.35979796  1.25788694
 -0.86063836  0.01376903 -0.50903047  0.38502901
  0.46905333  0.4105552  -0.78194207  0.97633538
  0.          0.          0.          1.        
