{
 "cells": [
  {
   "cell_type": "code",
   "execution_count": 1,
   "metadata": {},
   "outputs": [
    {
     "name": "stdout",
     "output_type": "stream",
     "text": [
      "Jupyter environment detected. Enabling Open3D WebVisualizer.\n",
      "[Open3D INFO] WebRTC GUI backend enabled.\n",
      "[Open3D INFO] WebRTCWindowSystem: HTTP handshake server disabled.\n"
     ]
    }
   ],
   "source": [
    "import os, cv2\n",
    "import open3d as o3d\n",
    "import numpy as np\n",
    "from util import parseMKV, exportCalib, tcp2base, target2cam_depth, composeH, dumpTrajectoryLogs, deconstructPoses\n",
    "from visualizer import CameraPoseVisualizer\n",
    "from scipy.spatial.transform import Rotation\n",
    "\n",
    "os.chdir(globals()['_dh'][0])"
   ]
  },
  {
   "cell_type": "code",
   "execution_count": 2,
   "metadata": {},
   "outputs": [],
   "source": [
    "dir = \"./geo0\"\n",
    "out_dir = \"./calib\"\n",
    "\n",
    "debug = True\n",
    "matForm = False\n",
    "\n",
    "dumpTrajectories = True\n",
    "exportCalibration = True\n",
    "exportRobotPose = True\n",
    "exportPoseEstimation = True\n",
    "\n",
    "methods_s = [\"tsai\"]#, \"park\", \"horaud\", \"andreff\", \"daniilidis\"]"
   ]
  },
  {
   "cell_type": "code",
   "execution_count": 3,
   "metadata": {},
   "outputs": [
    {
     "name": "stdout",
     "output_type": "stream",
     "text": [
      "Camera Matrix:\n",
      " [[1949.5269775390625, 0.0, 2038.583251953125], [0.0, 1948.865966796875, 1558.489013671875], [0.0, 0.0, 1.0]]\n",
      "Distortion Coefficients:\n",
      " [0.5040435194969177, -2.6585097312927246, 0.0013027479872107506, -0.0005786155234090984, 1.516607642173767, 0.3857000470161438, -2.4865224361419678, 1.4463715553283691]\n",
      "-----Pose #0 | Method:tsai-----\n",
      "RegistrationResult with fitness=9.379323e-01, inlier_rmse=1.099178e-03, and correspondence_set size of 1706353\n",
      "Access transformation to get result.\n",
      "Transformation:\n",
      "[[ 0.9998956   0.00240462 -0.01424777  0.01269202]\n",
      " [-0.00217697  0.99987007  0.01597176 -0.01520693]\n",
      " [ 0.01428432 -0.01593908  0.99977093 -0.02367485]\n",
      " [ 0.          0.          0.          1.        ]]\n",
      "Input Pose:\n",
      "[[-0.20622303 -0.92340727  0.32371451  0.74245179]\n",
      " [-0.86063842  0.01375648 -0.50903072  0.37908076]\n",
      " [ 0.46558949 -0.383575   -0.79755667  0.96643972]\n",
      " [ 0.          0.          0.          1.        ]]\n",
      "Estimated Pose:\n",
      "[[-0.19767729 -0.92881993  0.3133963   0.74296835]\n",
      " [-0.86844356  0.01764808 -0.49547385  0.38020974]\n",
      " [ 0.45467514 -0.37011093 -0.8101163   0.98578779]\n",
      " [ 0.          0.          0.          1.        ]]\n",
      "-----Pose #1 | Method:tsai-----\n",
      "RegistrationResult with fitness=9.166907e-01, inlier_rmse=1.114928e-03, and correspondence_set size of 1726894\n",
      "Access transformation to get result.\n",
      "Transformation:\n",
      "[[ 0.99983548  0.00602459 -0.01710889  0.0145722 ]\n",
      " [-0.00579412  0.99989223  0.01348877 -0.01259358]\n",
      " [ 0.01718831 -0.01338742  0.99976264 -0.0273134 ]\n",
      " [ 0.          0.          0.          1.        ]]\n",
      "Input Pose:\n",
      "[[-0.15192513 -0.9241704   0.35046801  0.72246513]\n",
      " [-0.92803695  0.01136997 -0.37231458  0.27684471]\n",
      " [ 0.3400973  -0.3818112  -0.85939166  1.01262572]\n",
      " [ 0.          0.          0.          1.        ]]\n",
      "Estimated Pose:\n",
      "[[-0.14067728 -0.93064693  0.3377961   0.72397422]\n",
      " [-0.93340525  0.01091246 -0.35865799  0.27974976]\n",
      " [ 0.33009777 -0.36575568 -0.87020586  1.03148518]\n",
      " [ 0.          0.          0.          1.        ]]\n",
      "-----Pose #2 | Method:tsai-----\n",
      "RegistrationResult with fitness=9.044480e-01, inlier_rmse=1.132875e-03, and correspondence_set size of 1739163\n",
      "Access transformation to get result.\n",
      "Transformation:\n",
      "[[ 0.99972969  0.01212934 -0.0198348   0.01623359]\n",
      " [-0.01191765  0.99987112  0.01075665 -0.00915854]\n",
      " [ 0.01996272 -0.01051736  0.99974541 -0.03019289]\n",
      " [ 0.          0.          0.          1.        ]]\n",
      "Input Pose:\n",
      "[[-0.09418526 -0.92478306  0.36865354  0.7088829 ]\n",
      " [-0.973867    0.00871264 -0.22695189  0.16814701]\n",
      " [ 0.20666932 -0.38039504 -0.9014363   1.04401325]\n",
      " [ 0.          0.          0.          1.        ]]\n",
      "Estimated Pose:\n",
      "[[-0.07842792 -0.93223064  0.35326351  0.71179309]\n",
      " [-0.97705751  0.00149526 -0.21297038  0.17438627]\n",
      " [ 0.1980093  -0.36186159 -0.91096021  1.06210131]\n",
      " [ 0.          0.          0.          1.        ]]\n",
      "-----Pose #3 | Method:tsai-----\n",
      "RegistrationResult with fitness=8.984291e-01, inlier_rmse=1.130545e-03, and correspondence_set size of 1743231\n",
      "Access transformation to get result.\n",
      "Transformation:\n",
      "[[ 0.9996053   0.01841385 -0.02121732  0.01703773]\n",
      " [-0.01824917  0.99980203  0.00792906 -0.00445688]\n",
      " [ 0.02135913 -0.00753874  0.99974344 -0.03156099]\n",
      " [ 0.          0.          0.          1.        ]]\n",
      "Input Pose:\n",
      "[[-0.03435284 -0.92521833  0.37787687  0.70201975]\n",
      " [-0.99706648  0.00585141 -0.07631647  0.05551447]\n",
      " [ 0.06839828 -0.37939005 -0.92270519  1.05987257]\n",
      " [ 0.          0.          0.          1.        ]]\n",
      "Estimated Pose:\n",
      "[[-0.01468272 -0.93306337  0.35941226  0.7069293 ]\n",
      " [-0.99801729 -0.00832645 -0.06238716  0.0643446 ]\n",
      " [ 0.0612038  -0.35961566 -0.93109112  1.07709558]\n",
      " [ 0.          0.          0.          1.        ]]\n",
      "-----Pose #4 | Method:tsai-----\n",
      "RegistrationResult with fitness=8.964750e-01, inlier_rmse=1.128579e-03, and correspondence_set size of 1739054\n",
      "Access transformation to get result.\n",
      "Transformation:\n",
      "[[ 0.99952307  0.02171837 -0.02195324  0.01676102]\n",
      " [-0.02162093  0.99975535  0.00466634 -0.00278025]\n",
      " [ 0.02204921 -0.00418947  0.99974811 -0.03224363]\n",
      " [ 0.          0.          0.          1.        ]]\n",
      "Input Pose:\n",
      "[[ 0.02619901 -0.92548256  0.3778831   0.7020357 ]\n",
      " [-0.99709524  0.00285075  0.07611145 -0.05843647]\n",
      " [-0.07151707 -0.37877948 -0.92271957  1.05983573]\n",
      " [ 0.          0.          0.          1.        ]]\n",
      "Estimated Pose:\n",
      "[[ 0.04616775 -0.93345459  0.35571204  0.71023068]\n",
      " [-0.99598268 -0.01566304  0.08816554 -0.04533478]\n",
      " [-0.076727   -0.35835343 -0.93042774  1.07650057]\n",
      " [ 0.          0.          0.          1.        ]]\n",
      "-----Pose #5 | Method:tsai-----\n",
      "RegistrationResult with fitness=8.944847e-01, inlier_rmse=1.133398e-03, and correspondence_set size of 1717001\n",
      "Access transformation to get result.\n",
      "Transformation:\n",
      "[[ 9.99508347e-01  2.28730673e-02 -2.14449783e-02  1.51559752e-02]\n",
      " [-2.28377671e-02  9.99737398e-01  1.88957816e-03 -8.09751704e-04]\n",
      " [ 2.14825673e-02 -1.39889372e-03  9.99768244e-01 -3.21083428e-02]\n",
      " [ 0.00000000e+00  0.00000000e+00  0.00000000e+00  1.00000000e+00]]\n",
      "Input Pose:\n",
      "[[ 8.60348549e-02 -9.25569504e-01  3.68672071e-01  7.08930344e-01]\n",
      " [-9.73952591e-01 -2.12706226e-04  2.26751637e-01 -1.71056810e-01]\n",
      " [-2.09795981e-01 -3.78577663e-01 -9.01479117e-01  1.04390360e+00]\n",
      " [ 0.00000000e+00  0.00000000e+00  0.00000000e+00  1.00000000e+00]]\n",
      "Estimated Pose:\n",
      "[[ 0.1037285  -0.93324241  0.34394623  0.72043683]\n",
      " [-0.97143547 -0.02085367  0.23638583 -0.15583883]\n",
      " [-0.21343273 -0.35864151 -0.90874789  1.0605629 ]\n",
      " [ 0.          0.          0.          1.        ]]\n",
      "-----Pose #6 | Method:tsai-----\n",
      "RegistrationResult with fitness=9.104892e-01, inlier_rmse=1.121825e-03, and correspondence_set size of 1709702\n",
      "Access transformation to get result.\n",
      "Transformation:\n",
      "[[ 0.99943656  0.02653361 -0.02055561  0.01437045]\n",
      " [-0.02656835  0.99964599 -0.00141898  0.00676978]\n",
      " [ 0.02051068  0.00196431  0.9997877  -0.03140918]\n",
      " [ 0.          0.          0.          1.        ]]\n",
      "Input Pose:\n",
      "[[ 0.14378161 -0.92546081  0.35049841  0.72254298]\n",
      " [-0.92817737 -0.00326979  0.37212374 -0.2797304 ]\n",
      " [-0.34323988 -0.37882924 -0.85946192  1.01244582]\n",
      " [ 0.          0.          0.          1.        ]]\n",
      "Estimated Pose:\n",
      "[[ 0.16132066 -0.93262254  0.32278606  0.73679553]\n",
      " [-0.92470797 -0.02856858  0.37960374 -0.26555794]\n",
      " [-0.34480546 -0.35972077 -0.8670122   1.02948302]\n",
      " [ 0.          0.          0.          1.        ]]\n",
      "-----Pose #7 | Method:tsai-----\n",
      "RegistrationResult with fitness=9.251061e-01, inlier_rmse=1.103801e-03, and correspondence_set size of 1675405\n",
      "Access transformation to get result.\n",
      "Transformation:\n",
      "[[ 0.99955377  0.02225209 -0.01992752  0.01355051]\n",
      " [-0.02234388  0.99974068 -0.00439529  0.00816489]\n",
      " [ 0.01982455  0.00483858  0.99979177 -0.0305591 ]\n",
      " [ 0.          0.          0.          1.        ]]\n",
      "Input Pose:\n",
      "[[ 0.1980896  -0.92517161  0.32375607  0.74255824]\n",
      " [-0.86083035 -0.0062443   0.50885374 -0.38192997]\n",
      " [-0.4687554  -0.37949768 -0.79765273  0.96619373]\n",
      " [ 0.          0.          0.          1.        ]]\n",
      "Estimated Pose:\n",
      "[[ 0.20794263 -0.93214262  0.29642873  0.75715883]\n",
      " [-0.85846733 -0.02866591  0.51206653 -0.36894889]\n",
      " [-0.46882163 -0.36095483 -0.80617485  0.98373253]\n",
      " [ 0.          0.          0.          1.        ]]\n",
      "-----Pose #8 | Method:tsai-----\n",
      "RegistrationResult with fitness=9.254043e-01, inlier_rmse=1.104291e-03, and correspondence_set size of 1717580\n",
      "Access transformation to get result.\n",
      "Transformation:\n",
      "[[ 0.99973248  0.01648328 -0.0162259   0.00964485]\n",
      " [-0.01656488  0.99985075 -0.00490752  0.00298921]\n",
      " [ 0.01614259  0.00517499  0.99985631 -0.02712525]\n",
      " [ 0.          0.          0.          1.        ]]\n",
      "Input Pose:\n",
      "[[ 0.14218164 -0.96305801  0.2286999   0.81301685]\n",
      " [-0.86082903 -0.00624966  0.50885589 -0.38192997]\n",
      " [-0.48862845 -0.26922148 -0.82991688  0.99195071]\n",
      " [ 0.          0.          0.          1.        ]]\n",
      "Estimated Pose:\n",
      "[[ 0.1485154  -0.96704277  0.20681258  0.82598374]\n",
      " [-0.86088558 -0.02351629  0.50825486 -0.36634582]\n",
      " [-0.48664073 -0.25352564 -0.83600571  1.00778308]\n",
      " [ 0.          0.          0.          1.        ]]\n",
      "-----Pose #9 | Method:tsai-----\n",
      "RegistrationResult with fitness=8.973888e-01, inlier_rmse=1.128118e-03, and correspondence_set size of 1725388\n",
      "Access transformation to get result.\n",
      "Transformation:\n",
      "[[ 0.99966483  0.01960096 -0.01691213  0.0098176 ]\n",
      " [-0.01963175  0.99980591 -0.00165647 -0.00124076]\n",
      " [ 0.01687638  0.00198793  0.99985561 -0.02817809]\n",
      " [ 0.          0.          0.          1.        ]]\n",
      "Input Pose:\n",
      "[[ 0.10283113 -0.96327095  0.24806215  0.79852203]\n",
      " [-0.92818033 -0.00325746  0.37211647 -0.27973041]\n",
      " [-0.35764093 -0.26851156 -0.89442412  1.04021848]\n",
      " [ 0.          0.          0.          1.        ]]\n",
      "Estimated Pose:\n",
      "[[ 0.11498278 -0.96741565  0.22557907  0.81193799]\n",
      " [-0.92669555 -0.02267165  0.37512844 -0.26085234]\n",
      " [-0.35779088 -0.25217643 -0.89910663  1.05536494]\n",
      " [ 0.          0.          0.          1.        ]]\n",
      "-----Pose #10 | Method:tsai-----\n",
      "RegistrationResult with fitness=9.089772e-01, inlier_rmse=1.125292e-03, and correspondence_set size of 1783835\n",
      "Access transformation to get result.\n",
      "Transformation:\n",
      "[[ 0.99966522  0.01944925 -0.0170641   0.01077787]\n",
      " [-0.01942763  0.99981024  0.00143149 -0.00274126]\n",
      " [ 0.01708871 -0.00109949  0.99985337 -0.02843746]\n",
      " [ 0.          0.          0.          1.        ]]\n",
      "Input Pose:\n",
      "[[ 6.10208776e-02 -9.63348523e-01  2.61220357e-01  7.88664013e-01]\n",
      " [-9.73953231e-01 -2.07664546e-04  2.26748896e-01 -1.71056816e-01]\n",
      " [-2.18383968e-01 -2.68252828e-01 -9.38269078e-01  1.07304721e+00]\n",
      " [ 0.00000000e+00  0.00000000e+00  0.00000000e+00  1.00000000e+00]]\n",
      "Estimated Pose:\n",
      "[[ 0.07619015 -0.96760607  0.24069391  0.79971864]\n",
      " [-0.97234149 -0.01864909  0.23281803 -0.15436539]\n",
      " [-0.22078742 -0.25177511 -0.9422644   1.08780829]\n",
      " [ 0.          0.          0.          1.        ]]\n",
      "-----Pose #11 | Method:tsai-----\n",
      "RegistrationResult with fitness=9.007118e-01, inlier_rmse=1.116990e-03, and correspondence_set size of 1786542\n",
      "Access transformation to get result.\n",
      "Transformation:\n",
      "[[ 0.99965774  0.01917123 -0.01780059  0.01276638]\n",
      " [-0.01908606  0.99980563  0.00494259 -0.00288858]\n",
      " [ 0.01789189 -0.00460116  0.99982934 -0.02898514]\n",
      " [ 0.          0.          0.          1.        ]]\n",
      "Input Pose:\n",
      "[[ 0.01769087 -0.96328819  0.26788597  0.78367132]\n",
      " [-0.99709613  0.00285123  0.07609975 -0.0584365 ]\n",
      " [-0.0740698  -0.26845433 -0.96044049  1.08967359]\n",
      " [ 0.          0.          0.          1.        ]]\n",
      "Estimated Pose:\n",
      "[[ 0.0353902  -0.96781607  0.24915774  0.7917162 ]\n",
      " [-0.99622236 -0.01438155  0.0856398  -0.04590505]\n",
      " [-0.07930031 -0.25124732 -0.96466898  1.1044707 ]\n",
      " [ 0.          0.          0.          1.        ]]\n",
      "-----Pose #12 | Method:tsai-----\n",
      "RegistrationResult with fitness=8.951737e-01, inlier_rmse=1.129728e-03, and correspondence_set size of 1778147\n",
      "Access transformation to get result.\n",
      "Transformation:\n",
      "[[ 0.99969304  0.01646543 -0.01851266  0.01411695]\n",
      " [-0.01632521  0.99983709  0.00769991 -0.0069266 ]\n",
      " [ 0.01863643 -0.00739533  0.99979898 -0.02937679]\n",
      " [ 0.          0.          0.          1.        ]]\n",
      "Input Pose:\n",
      "[[-0.02615235 -0.96309687  0.26788146  0.78365978]\n",
      " [-0.99706737  0.00585094 -0.07630477  0.0555145 ]\n",
      " [ 0.07192153 -0.26909141 -0.96042548  1.08971203]\n",
      " [ 0.          0.          0.          1.        ]]\n",
      "Estimated Pose:\n",
      "[[-0.00852663 -0.96791166  0.25114602  0.78914307]\n",
      " [-0.99786743 -0.0080178  -0.0647789   0.06682575]\n",
      " [ 0.06471389 -0.25116278 -0.96577915  1.10509836]\n",
      " [ 0.          0.          0.          1.        ]]\n",
      "-----Pose #13 | Method:tsai-----\n",
      "RegistrationResult with fitness=8.993669e-01, inlier_rmse=1.132342e-03, and correspondence_set size of 1773020\n",
      "Access transformation to get result.\n",
      "Transformation:\n",
      "[[ 0.99976655  0.01169954 -0.01816502  0.01471642]\n",
      " [-0.01150649  0.99987659  0.01069608 -0.00931591]\n",
      " [ 0.01828792 -0.01048456  0.99977779 -0.02875741]\n",
      " [ 0.          0.          0.          1.        ]]\n",
      "Input Pose:\n",
      "[[-0.06947986 -0.96277904  0.26120694  0.78862966]\n",
      " [-0.97386768  0.0087076  -0.22694915  0.16814702]\n",
      " [ 0.2162274  -0.27014939 -0.9382244   1.07316163]\n",
      " [ 0.          0.          0.          1.        ]]\n",
      "Estimated Pose:\n",
      "[[-5.43034909e-02 -9.67594942e-01  2.46599179e-01  7.91842401e-01]\n",
      " [-9.76827427e-01  2.74848725e-04 -2.14028266e-01  1.74942325e-01]\n",
      " [ 2.07024891e-01 -2.52507322e-01 -9.45188210e-01  1.08951418e+00]\n",
      " [ 0.00000000e+00  0.00000000e+00  0.00000000e+00  1.00000000e+00]]\n",
      "-----Pose #14 | Method:tsai-----\n",
      "RegistrationResult with fitness=9.145251e-01, inlier_rmse=1.114707e-03, and correspondence_set size of 1769274\n",
      "Access transformation to get result.\n",
      "Transformation:\n",
      "[[ 0.99985202  0.00627794 -0.01601659  0.01358405]\n",
      " [-0.00605017  0.99988045  0.01422984 -0.01304524]\n",
      " [ 0.01610401 -0.01413083  0.99977046 -0.02634057]\n",
      " [ 0.          0.          0.          1.        ]]\n",
      "Input Pose:\n",
      "[[-0.11128513 -0.96233659  0.24804013  0.79846566]\n",
      " [-0.92804002  0.01135767 -0.3723073   0.27684473]\n",
      " [ 0.35546778 -0.27162344 -0.89435081  1.04040622]\n",
      " [ 0.          0.          0.          1.        ]]\n",
      "Estimated Pose:\n",
      "[[-0.09992941 -0.96663712  0.23585331  0.80019048]\n",
      " [-0.93365077  0.00915309 -0.35806769  0.27970873]\n",
      " [ 0.34396273 -0.25598613 -0.90341615  1.0580559 ]\n",
      " [ 0.          0.          0.          1.        ]]\n",
      "-----Pose #15 | Method:tsai-----\n",
      "RegistrationResult with fitness=9.260529e-01, inlier_rmse=1.096292e-03, and correspondence_set size of 1733685\n",
      "Access transformation to get result.\n",
      "Transformation:\n",
      "[[ 0.99989184  0.00496641 -0.01384343  0.0130519 ]\n",
      " [-0.00472859  0.99984158  0.0171597  -0.01203708]\n",
      " [ 0.01392646 -0.01709238  0.99975692 -0.02355851]\n",
      " [ 0.          0.          0.          1.        ]]\n",
      "Input Pose:\n",
      "[[-0.1506283  -0.96178024  0.22866979  0.81293976]\n",
      " [-0.86063706  0.01376183 -0.50903288  0.37908076]\n",
      " [ 0.48643085 -0.27347646 -0.82981664  0.99220742]\n",
      " [ 0.          0.          0.          1.        ]]\n",
      "Estimated Pose:\n",
      "[[-0.13976815 -0.96554985  0.21949566  0.81209793]\n",
      " [-0.86956306  0.01365742 -0.49363303  0.37766659]\n",
      " [ 0.47362955 -0.2598595  -0.84151535  1.01115729]\n",
      " [ 0.          0.          0.          1.        ]]\n",
      "-----Pose #16 | Method:tsai-----\n",
      "RegistrationResult with fitness=9.272489e-01, inlier_rmse=1.106659e-03, and correspondence_set size of 1769063\n",
      "Access transformation to get result.\n",
      "Transformation:\n",
      "[[ 0.99988738  0.00886762 -0.01210755  0.01258218]\n",
      " [-0.00865013  0.99980237  0.01789958 -0.00532336]\n",
      " [ 0.01226388 -0.01779284  0.99976648 -0.02193284]\n",
      " [ 0.          0.          0.          1.        ]]\n",
      "Input Pose:\n",
      "[[-0.09295799 -0.987081    0.13049869  0.88594818]\n",
      " [-0.86063473  0.01375186 -0.50903709  0.37908075]\n",
      " [ 0.50066624 -0.15963076 -0.85079453  1.00959349]\n",
      " [ 0.          0.          0.          1.        ]]\n",
      "Estimated Pose:\n",
      "[[-0.07936281 -0.98904648  0.12445319  0.88259301]\n",
      " [-0.87019723  0.00783636 -0.49264123  0.37371904]\n",
      " [ 0.48626981 -0.1473962  -0.86128742  1.0275918 ]\n",
      " [ 0.          0.          0.          1.        ]]\n",
      "-----Pose #17 | Method:tsai-----\n",
      "RegistrationResult with fitness=9.085615e-01, inlier_rmse=1.130180e-03, and correspondence_set size of 1787632\n",
      "Access transformation to get result.\n",
      "Transformation:\n",
      "[[ 0.99984599  0.01149832 -0.0132587   0.01250084]\n",
      " [-0.01130796  0.99983317  0.01434408 -0.00326776]\n",
      " [ 0.01342142 -0.01419194  0.99980921 -0.02412442]\n",
      " [ 0.          0.          0.          1.        ]]\n",
      "Input Pose:\n",
      "[[-0.06915049 -0.98741504  0.1422313   0.87718385]\n",
      " [-0.92803485  0.01136148 -0.37232006  0.2768447 ]\n",
      " [ 0.36601847 -0.15774172 -0.91714123  1.05914877]\n",
      " [ 0.          0.          0.          1.        ]]\n",
      "Estimated Pose:\n",
      "[[-0.05373317 -0.98950856  0.13411024  0.87592139]\n",
      " [-0.93386966  0.00224463 -0.35760651  0.27463438]\n",
      " [ 0.35355368 -0.14445682 -0.92419264  1.0756199 ]\n",
      " [ 0.          0.          0.          1.        ]]\n",
      "-----Pose #18 | Method:tsai-----\n",
      "RegistrationResult with fitness=8.900580e-01, inlier_rmse=1.143105e-03, and correspondence_set size of 1781566\n",
      "Access transformation to get result.\n",
      "Transformation:\n",
      "[[ 0.99983431  0.01157267 -0.01405061  0.01158468]\n",
      " [-0.01143081  0.9998833   0.01013475 -0.00530787]\n",
      " [ 0.01416626 -0.00997246  0.99984992 -0.02520266]\n",
      " [ 0.          0.          0.          1.        ]]\n",
      "Input Pose:\n",
      "[[-0.0438299  -0.98768307  0.15020348  0.87122849]\n",
      " [-0.97386668  0.00870244 -0.22695365  0.168147  ]\n",
      " [ 0.22285114 -0.15622552 -0.96225306  1.09282705]\n",
      " [ 0.          0.          0.          1.        ]]\n",
      "Estimated Pose:\n",
      "[[-0.02953359 -0.98983203  0.13914133  0.87335695]\n",
      " [-0.97648264 -0.00117075 -0.21559288  0.17223349]\n",
      " [ 0.21356363 -0.14223633 -0.96651922  1.10754132]\n",
      " [ 0.          0.          0.          1.        ]]\n",
      "-----Pose #19 | Method:tsai-----\n",
      "RegistrationResult with fitness=9.073714e-01, inlier_rmse=1.131230e-03, and correspondence_set size of 1828562\n",
      "Access transformation to get result.\n",
      "Transformation:\n",
      "[[ 0.99982324  0.01302846 -0.01355527  0.0100071 ]\n",
      " [-0.01294491  0.99989678  0.00623295 -0.00499464]\n",
      " [ 0.01363508 -0.00605638  0.9998887  -0.02489887]\n",
      " [ 0.          0.          0.          1.        ]]\n",
      "Input Pose:\n",
      "[[-0.01760776 -0.98787847  0.15422744  0.86821947]\n",
      " [-0.99706691  0.00585799 -0.07631028  0.05551449]\n",
      " [ 0.07448182 -0.15511873 -0.98508408  1.1098438 ]\n",
      " [ 0.          0.          0.          1.        ]]\n",
      "Estimated Pose:\n",
      "[[-0.00368214 -0.98989474  0.14175631  0.87274969]\n",
      " [-0.99764449 -0.00607369 -0.06832701  0.06481163]\n",
      " [ 0.06849754 -0.14167399 -0.98754067  1.12336022]\n",
      " [ 0.          0.          0.          1.        ]]\n",
      "-----Pose #20 | Method:tsai-----\n",
      "RegistrationResult with fitness=9.077039e-01, inlier_rmse=1.113305e-03, and correspondence_set size of 1825526\n",
      "Access transformation to get result.\n",
      "Transformation:\n",
      "[[ 0.99981995  0.01379522 -0.01302945  0.00862652]\n",
      " [-0.01374232  0.99989699  0.00414146 -0.00499714]\n",
      " [ 0.01308524 -0.00396166  0.99990654 -0.02460858]\n",
      " [ 0.          0.          0.          1.        ]]\n",
      "Input Pose:\n",
      "[[ 0.0089537  -0.98799438  0.15423017  0.86822647]\n",
      " [-0.99709573  0.00284418  0.07610526 -0.05843649]\n",
      " [-0.07563022 -0.15446367 -0.98509951  1.10980428]\n",
      " [ 0.          0.          0.          1.        ]]\n",
      "Estimated Pose:\n",
      "[[ 0.02166485 -0.98987677  0.14026627  0.87502362]\n",
      " [-0.99656988 -0.01017378  0.08212769 -0.04606963]\n",
      " [-0.07986924 -0.14156443 -0.98670179  1.1228854 ]\n",
      " [ 0.          0.          0.          1.        ]]\n",
      "-----Pose #21 | Method:tsai-----\n",
      "RegistrationResult with fitness=9.144631e-01, inlier_rmse=1.124029e-03, and correspondence_set size of 1820610\n",
      "Access transformation to get result.\n",
      "Transformation:\n",
      "[[ 9.99782955e-01  1.68715038e-02 -1.22227011e-02  7.23167730e-03]\n",
      " [-1.68587133e-02  9.99857222e-01  1.14873975e-03 -9.08567781e-04]\n",
      " [ 1.22403370e-02 -9.42431409e-04  9.99924640e-01 -2.38181495e-02]\n",
      " [ 0.00000000e+00  0.00000000e+00  0.00000000e+00  1.00000000e+00]]\n",
      "Input Pose:\n",
      "[[ 3.51773712e-02 -9.88027847e-01  1.50211606e-01  8.71249292e-01]\n",
      " [-9.73952184e-01 -2.02509989e-04  2.26753397e-01 -1.71056803e-01]\n",
      " [-2.24008251e-01 -1.54275510e-01 -9.62299003e-01  1.09270940e+00]\n",
      " [ 0.00000000e+00  0.00000000e+00  0.00000000e+00  1.00000000e+00]]\n",
      "Estimated Pose:\n",
      "[[ 0.04884738 -0.98969837  0.13457737  0.88036524]\n",
      " [-0.97300852 -0.0167266   0.23016222 -0.15659892]\n",
      " [-0.22554015 -0.14218775 -0.963802    1.10568732]\n",
      " [ 0.          0.          0.          1.        ]]\n",
      "-----Pose #22 | Method:tsai-----\n",
      "RegistrationResult with fitness=9.015359e-01, inlier_rmse=1.127837e-03, and correspondence_set size of 1759222\n",
      "Access transformation to get result.\n",
      "Transformation:\n",
      "[[ 0.99984287  0.01293417 -0.01212165  0.00618185]\n",
      " [-0.01294885  0.99991552 -0.00113359 -0.0024833 ]\n",
      " [ 0.01210597  0.00129038  0.99992589 -0.02363493]\n",
      " [ 0.          0.          0.          1.        ]]\n",
      "Input Pose:\n",
      "[[ 0.06050097 -0.98798082  0.14224463  0.87721798]\n",
      " [-0.9281752  -0.00326132  0.37212922 -0.27973038]\n",
      " [-0.36719263 -0.15454212 -0.91721661  1.05895574]\n",
      " [ 0.          0.          0.          1.        ]]\n",
      "Estimated Pose:\n",
      "[[ 0.06806505 -0.98965423  0.12629984  0.88759511]\n",
      " [-0.92778807 -0.01623918  0.37275404 -0.26456057]\n",
      " [-0.36684661 -0.14255101 -0.91929472  1.07226633]\n",
      " [ 0.          0.          0.          1.        ]]\n",
      "-----Pose #23 | Method:tsai-----\n",
      "RegistrationResult with fitness=9.327006e-01, inlier_rmse=1.115039e-03, and correspondence_set size of 1757416\n",
      "Access transformation to get result.\n",
      "Transformation:\n",
      "[[ 0.99986593  0.01087218 -0.01224386  0.00662257]\n",
      " [-0.01093646  0.9999267  -0.00519512  0.00128936]\n",
      " [ 0.01218648  0.00532833  0.99991155 -0.02326109]\n",
      " [ 0.          0.          0.          1.        ]]\n",
      "Input Pose:\n",
      "[[ 0.08431289 -0.98785458  0.13051691  0.88599485]\n",
      " [-0.86082661 -0.00623972  0.5088601  -0.38192995]\n",
      " [-0.5018654  -0.1552559  -0.8508976   1.00932955]\n",
      " [ 0.          0.          0.          1.        ]]\n",
      "Estimated Pose:\n",
      "[[ 0.08760001 -0.98954592  0.11456483  0.8960291 ]\n",
      " [-0.86252095 -0.01780666  0.50570794 -0.36812854]\n",
      " [-0.49838122 -0.1431146  -0.85506396  1.02372326]\n",
      " [ 0.          0.          0.          1.        ]]\n",
      "-----Pose #24 | Method:tsai-----\n",
      "RegistrationResult with fitness=9.402917e-01, inlier_rmse=1.113111e-03, and correspondence_set size of 1786794\n",
      "Access transformation to get result.\n",
      "Transformation:\n",
      "[[ 0.99994722  0.00648953 -0.00796532  0.00343864]\n",
      " [-0.00654159  0.9999573  -0.00652683  0.00170476]\n",
      " [ 0.00792262  0.00657859  0.99994698 -0.01867144]\n",
      " [ 0.          0.          0.          1.        ]]\n",
      "Input Pose:\n",
      "[[ 0.02532748 -0.99921198  0.03056032  0.96049894]\n",
      " [-0.86083262 -0.00625705  0.50884974 -0.38192998]\n",
      " [-0.50825754 -0.0391952  -0.86031274  1.01809367]\n",
      " [ 0.          0.          0.          1.        ]]\n",
      "Estimated Pose:\n",
      "[[ 0.02693062 -0.99942884  0.02041409  0.96773326]\n",
      " [-0.86397512 -0.01299905  0.50336669 -0.37058704]\n",
      " [-0.50281383 -0.03119324 -0.86383172  1.03159076]\n",
      " [ 0.          0.          0.          1.        ]]\n",
      "-----Pose #25 | Method:tsai-----\n",
      "RegistrationResult with fitness=9.294415e-01, inlier_rmse=1.122803e-03, and correspondence_set size of 1827071\n",
      "Access transformation to get result.\n",
      "Transformation:\n",
      "[[ 0.99994809  0.00718233 -0.00722765  0.00330129]\n",
      " [-0.00719534  0.99997254 -0.00177604 -0.00139894]\n",
      " [ 0.0072147   0.00182795  0.9999723  -0.01871762]\n",
      " [ 0.          0.          0.          1.        ]]\n",
      "Input Pose:\n",
      "[[ 0.01734395 -0.99925475  0.03448374  0.95756067]\n",
      " [-0.92817671 -0.00326841  0.3721254  -0.27973039]\n",
      " [-0.37173537 -0.03846113 -0.92754167  1.06840407]\n",
      " [ 0.          0.          0.          1.        ]]\n",
      "Estimated Pose:\n",
      "[[ 0.02133964 -0.99945684  0.02511245  0.96405579]\n",
      " [-0.92870616 -0.0105156   0.37066735 -0.2694828 ]\n",
      " [-0.37020195 -0.03123199 -0.92842612  1.08068885]\n",
      " [ 0.          0.          0.          1.        ]]\n",
      "-----Pose #26 | Method:tsai-----\n",
      "RegistrationResult with fitness=8.977962e-01, inlier_rmse=1.133679e-03, and correspondence_set size of 1801428\n",
      "Access transformation to get result.\n",
      "Transformation:\n",
      "[[ 9.99906102e-01  1.13474522e-02 -7.68265044e-03  4.97311485e-03]\n",
      " [-1.13374559e-02  9.99934826e-01  1.34345211e-03  7.67210364e-04]\n",
      " [ 7.69739449e-03 -1.25622426e-03  9.99969586e-01 -1.93015137e-02]\n",
      " [ 0.00000000e+00  0.00000000e+00  0.00000000e+00  1.00000000e+00]]\n",
      "Input Pose:\n",
      "[[ 8.86515984e-03 -9.99270164e-01  3.71557268e-02  9.55562138e-01]\n",
      " [-9.73955074e-01 -2.09694775e-04  2.26740974e-01 -1.71056837e-01]\n",
      " [-2.26567699e-01 -3.81981036e-02 -9.73246106e-01  1.10262270e+00]\n",
      " [ 0.00000000e+00  0.00000000e+00  0.00000000e+00  1.00000000e+00]]\n",
      "Estimated Pose:\n",
      "[[ 0.01816252 -0.99946798  0.02709011  0.96108371]\n",
      " [-0.97350638 -0.01150087  0.22837043 -0.16243547]\n",
      " [-0.22793738 -0.03052018 -0.97319734  1.11435621]\n",
      " [ 0.          0.          0.          1.        ]]\n",
      "-----Pose #27 | Method:tsai-----\n",
      "RegistrationResult with fitness=9.233449e-01, inlier_rmse=1.124136e-03, and correspondence_set size of 1871369\n",
      "Access transformation to get result.\n",
      "Transformation:\n",
      "[[ 0.99994052  0.00770249 -0.00772152  0.00547109]\n",
      " [-0.00767804  0.99996543  0.00319039 -0.00249949]\n",
      " [ 0.00774582 -0.00313092  0.9999651  -0.01919193]\n",
      " [ 0.          0.          0.          1.        ]]\n",
      "Input Pose:\n",
      "[[ 7.58064091e-05 -9.99258371e-01  3.85058791e-02  9.54549210e-01]\n",
      " [-9.97095052e-01  2.85735710e-03  7.61136811e-02 -5.84364676e-02]\n",
      " [-7.61672580e-02 -3.83997914e-02 -9.96355361e-01  1.11995333e+00]\n",
      " [ 0.00000000e+00  0.00000000e+00  0.00000000e+00  1.00000000e+00]]\n",
      "Estimated Pose:\n",
      "[[ 0.00714156 -0.99951832  0.03020159  0.95827478]\n",
      " [-0.99682153 -0.00471929  0.07952715 -0.05219135]\n",
      " [-0.07934631 -0.03067355 -0.99637508  1.13159872]\n",
      " [ 0.          0.          0.          1.        ]]\n",
      "-----Pose #28 | Method:tsai-----\n",
      "RegistrationResult with fitness=9.209171e-01, inlier_rmse=1.134996e-03, and correspondence_set size of 1872136\n",
      "Access transformation to get result.\n",
      "Transformation:\n",
      "[[ 9.99877637e-01  1.24896572e-02 -9.41908802e-03  7.89852150e-03]\n",
      " [-1.24359730e-02  9.99906214e-01  5.73670651e-03  7.11572331e-05]\n",
      " [ 9.48985414e-03 -5.61886902e-03  9.99939184e-01 -2.07098955e-02]\n",
      " [ 0.00000000e+00  0.00000000e+00  0.00000000e+00  1.00000000e+00]]\n",
      "Input Pose:\n",
      "[[-0.00880472 -0.99921962  0.03850497  0.95454687]\n",
      " [-0.99706634  0.0058448  -0.0763187   0.05551447]\n",
      " [ 0.07603409 -0.03906397 -0.99633971  1.1199934 ]\n",
      " [ 0.          0.          0.          1.        ]]\n",
      "Estimated Pose:\n",
      "[[ 0.0043174  -0.99954075  0.02999424  0.95666813]\n",
      " [-0.99751002 -0.00641616 -0.07023233  0.06085196]\n",
      " [ 0.07039252 -0.02961633 -0.99707962  1.13203542]\n",
      " [ 0.          0.          0.          1.        ]]\n",
      "-----Pose #29 | Method:tsai-----\n",
      "RegistrationResult with fitness=8.881174e-01, inlier_rmse=1.159954e-03, and correspondence_set size of 1794618\n",
      "Access transformation to get result.\n",
      "Transformation:\n",
      "[[ 0.99984289  0.0144194  -0.01030944  0.0102971 ]\n",
      " [-0.0143287   0.99985845  0.00881875  0.00463839]\n",
      " [ 0.01043514 -0.00866964  0.99990797 -0.02138144]\n",
      " [ 0.          0.          0.          1.        ]]\n",
      "Input Pose:\n",
      "[[-0.01759356 -0.9991547   0.03715301  0.95555517]\n",
      " [-0.97386951  0.00870965 -0.22694123  0.16814704]\n",
      " [ 0.22642581 -0.04017489 -0.97319953  1.10274195]\n",
      " [ 0.          0.          0.          1.        ]]\n",
      "Estimated Pose:\n",
      "[[-0.00127373 -0.99954175  0.03024347  0.95449708]\n",
      " [-0.97594838 -0.00535049 -0.21793609  0.16736981]\n",
      " [ 0.21799804 -0.02979366 -0.97549433  1.1157168 ]\n",
      " [ 0.          0.          0.          1.        ]]\n",
      "-----Pose #30 | Method:tsai-----\n",
      "RegistrationResult with fitness=8.986959e-01, inlier_rmse=1.141493e-03, and correspondence_set size of 1785831\n",
      "Access transformation to get result.\n",
      "Transformation:\n",
      "[[ 9.99877761e-01  1.18115813e-02 -1.02445227e-02  1.08171331e-02]\n",
      " [-1.16690400e-02  9.99835800e-01  1.38638220e-02  8.59100195e-04]\n",
      " [ 1.04065942e-02 -1.37425835e-02  9.99851411e-01 -2.09039660e-02]\n",
      " [ 0.00000000e+00  0.00000000e+00  0.00000000e+00  1.00000000e+00]]\n",
      "Input Pose:\n",
      "[[-0.02607134 -0.9990653   0.03447928  0.95754924]\n",
      " [-0.9280363   0.01136858 -0.37231624  0.27684471]\n",
      " [ 0.37157625 -0.04170481 -0.92746525  1.06859976]\n",
      " [ 0.          0.          0.          1.        ]]\n",
      "Estimated Pose:\n",
      "[[-1.13720171e-02 -9.99509840e-01  2.91678839e-02  9.54733915e-01]\n",
      " [-9.33298278e-01  1.39304138e-04 -3.59102082e-01  2.72150100e-01]\n",
      " [ 3.58921996e-01 -3.13060540e-02 -9.32842389e-01  1.08346923e+00]\n",
      " [ 0.00000000e+00  0.00000000e+00  0.00000000e+00  1.00000000e+00]]\n",
      "-----Pose #31 | Method:tsai-----\n",
      "RegistrationResult with fitness=9.292674e-01, inlier_rmse=1.111983e-03, and correspondence_set size of 1791450\n",
      "Access transformation to get result.\n",
      "Transformation:\n",
      "[[ 9.99901700e-01  1.03745548e-02 -9.43177961e-03  1.14687775e-02]\n",
      " [-1.02020533e-02  9.99783095e-01  1.81571280e-02  9.49592970e-04]\n",
      " [ 9.61810592e-03 -1.80591196e-02  9.99790658e-01 -1.92559871e-02]\n",
      " [ 0.00000000e+00  0.00000000e+00  0.00000000e+00  1.00000000e+00]]\n",
      "Input Pose:\n",
      "[[-0.0340534  -0.99895285  0.03055421  0.9604833 ]\n",
      " [-0.86064058  0.01376924 -0.50902672  0.37908077]\n",
      " [ 0.50807299 -0.04363028 -0.86020825  1.01836124]\n",
      " [ 0.          0.          0.          1.        ]]\n",
      "Estimated Pose:\n",
      "[[-0.02038305 -0.99941477  0.02747075  0.95504343]\n",
      " [-0.86998254  0.00419049 -0.49306472  0.36915631]\n",
      " [ 0.49266105 -0.03394923 -0.86955882  1.03531489]\n",
      " [ 0.          0.          0.          1.        ]]\n",
      "-----Pose #32 | Method:tsai-----\n",
      "RegistrationResult with fitness=9.313777e-01, inlier_rmse=1.114290e-03, and correspondence_set size of 1800355\n",
      "Access transformation to get result.\n",
      "Transformation:\n",
      "[[ 0.99992235  0.01070435 -0.00638127  0.00954015]\n",
      " [-0.0105857   0.99977568  0.01834505  0.0048774 ]\n",
      " [ 0.00657621 -0.01827608  0.99981135 -0.01608002]\n",
      " [ 0.          0.          0.          1.        ]]\n",
      "Input Pose:\n",
      "[[ 0.02534641 -0.99723864 -0.06980436  1.03553338]\n",
      " [-0.86064063  0.01375614 -0.50902698  0.37908077]\n",
      " [ 0.50858161  0.07297848 -0.85791543  1.01839169]\n",
      " [ 0.          0.          0.          1.        ]]\n",
      "Estimated Pose:\n",
      "[[ 0.03779947 -0.9968269  -0.07005237  1.02875526]\n",
      " [-0.86947113  0.00174451 -0.49398067  0.36619593]\n",
      " [ 0.49253543  0.07958072 -0.86664627  1.0345942 ]\n",
      " [ 0.          0.          0.          1.        ]]\n",
      "-----Pose #33 | Method:tsai-----\n",
      "RegistrationResult with fitness=9.033884e-01, inlier_rmse=1.151679e-03, and correspondence_set size of 1799809\n",
      "Access transformation to get result.\n",
      "Transformation:\n",
      "[[ 0.99990532  0.01225122 -0.00626614  0.00869044]\n",
      " [-0.01216621  0.99983581  0.01342881  0.00730937]\n",
      " [ 0.00642963 -0.0133513   0.9998902  -0.01681272]\n",
      " [ 0.          0.          0.          1.        ]]\n",
      "Input Pose:\n",
      "[[ 0.01736436 -0.9971271  -0.07372945  1.03846844]\n",
      " [-0.9280363   0.01136858 -0.37231624  0.27684471]\n",
      " [ 0.37208481  0.07488864 -0.92517273  1.06863021]\n",
      " [ 0.          0.          0.          1.        ]]\n",
      "Estimated Pose:\n",
      "[[ 0.03104577 -0.9966895  -0.07514131  1.03338027]\n",
      " [-0.93263901 -0.00184917 -0.36080612  0.26761504]\n",
      " [ 0.35947272  0.08128122 -0.92960891  1.08249056]\n",
      " [ 0.          0.          0.          1.        ]]\n",
      "-----Pose #34 | Method:tsai-----\n",
      "RegistrationResult with fitness=9.020027e-01, inlier_rmse=1.171198e-03, and correspondence_set size of 1826864\n",
      "Access transformation to get result.\n",
      "Transformation:\n",
      "[[ 0.99990189  0.01268383 -0.00594413  0.00784637]\n",
      " [-0.01263438  0.99988586  0.00828432  0.00908445]\n",
      " [ 0.00604853 -0.00820841  0.99994802 -0.01681956]\n",
      " [ 0.          0.          0.          1.        ]]\n",
      "Input Pose:\n",
      "[[ 0.00888658 -0.9970374  -0.07640317  1.04046251]\n",
      " [-0.97386951  0.00871047 -0.22694121  0.16814704]\n",
      " [ 0.22693439  0.07642345 -0.97090692  1.1027724 ]\n",
      " [ 0.          0.          0.          1.        ]]\n",
      "Estimated Pose:\n",
      "[[ 0.02256257 -0.99658738 -0.07940098  1.03727706]\n",
      " [-0.97550841 -0.00456409 -0.21991479  0.16295189]\n",
      " [ 0.21880192  0.08241816 -0.97228235  1.11471347]\n",
      " [ 0.          0.          0.          1.        ]]\n",
      "-----Pose #35 | Method:tsai-----\n",
      "RegistrationResult with fitness=9.267662e-01, inlier_rmse=1.143736e-03, and correspondence_set size of 1888174\n",
      "Access transformation to get result.\n",
      "Transformation:\n",
      "[[ 0.99993963  0.00987231 -0.00482357  0.00567386]\n",
      " [-0.00984563  0.99993626  0.00552559  0.0066071 ]\n",
      " [ 0.00487781 -0.00547777  0.9999731  -0.01595289]\n",
      " [ 0.          0.          0.          1.        ]]\n",
      "Input Pose:\n",
      "[[ 9.77343615e-05 -9.96972482e-01 -7.77551300e-02  1.04146981e+00]\n",
      " [-9.97066302e-01  5.85443248e-03 -7.63185107e-02  5.55144705e-02]\n",
      " [ 7.65426672e-02  7.75344789e-02 -9.94047094e-01  1.12002385e+00]\n",
      " [ 0.00000000e+00  0.00000000e+00  0.00000000e+00  1.00000000e+00]]\n",
      "Estimated Pose:\n",
      "[[ 0.01028783 -0.99659174 -0.0818478   1.04079298]\n",
      " [-0.99742107 -0.00441308 -0.07163611  0.05290734]\n",
      " [ 0.07103076  0.08237371 -0.994067    1.13122019]\n",
