-1 0 64
-0.20676765 -0.92258188  0.32571431  0.73628919
 -0.86143549  0.01382943 -0.50767868  0.38443508
  0.4638707  -0.3855534  -0.79760425  0.97746779
  0.          0.          0.          1.        
0 1 64
-0.15242793 -0.92335931  0.35238234  0.71603734
 -0.92861786  0.01176789 -0.3708509   0.28022639
  0.33828183 -0.38375657 -0.8592417   1.02426672
  0.          0.          0.          1.        
1 2 64
-0.09465978 -0.92400572  0.37047665  0.70231215
 -0.97421826  0.00942627 -0.22541058  0.16947753
  0.20478846 -0.38226244 -0.90107553  1.05598488
  0.          0.          0.          1.        
2 3 64
-0.03481321 -0.92449337  0.37960512  0.69543121
 -0.99717993  0.00686416 -0.07473335  0.05476292
  0.06648481 -0.38113632 -0.9221252   1.07188469
  0.          0.          0.          1.        
3 4 64
 0.02573823 -0.92482748  0.37951505  0.6955555 
 -0.99696822  0.00413912  0.07769961 -0.06125289
 -0.07342959 -0.3803643  -0.92191708  1.07159752
  0.          0.          0.          1.        
4 5 64
 0.08555911 -0.92500013  0.37020858  0.70268205
 -0.97358808  0.00132131  0.22830791 -0.17587238
 -0.21167401 -0.37996449 -0.90045605  1.05513009
  0.          0.          0.          1.        
5 6 64
 0.1432768  -0.92499094  0.35194248  0.71664427
 -0.92758383 -0.00152577  0.37361197 -0.28643323
 -0.3450507  -0.37998609 -0.85822525  1.02286418
  0.          0.          0.          1.        
6 7 64
 0.19754222 -0.92481277  0.32511291  0.73711903
 -0.86002156 -0.0043308   0.51023931 -0.39036436
 -0.47046784 -0.38039792 -0.79621444  0.97555007
  0.          0.          0.          1.        
7 8 64
 0.14143864 -0.96280642  0.23021493  0.80870381
 -0.86002025 -0.00433616  0.51024148 -0.39036439
 -0.49026552 -0.27015736 -0.82864632  1.0018766 
  0.          0.          0.          1.        
8 9 64
 0.10211894 -0.96293894  0.2496404   0.79387624
 -0.92758679 -0.00151345  0.37360468 -0.28643313
 -0.35938067 -0.26971525 -0.89336399  1.05125275
  0.          0.          0.          1.        
9 10 64
 0.06032974 -0.96294446  0.26286553  0.78376511
 -0.97358872  0.00132635  0.22830516 -0.17587234
 -0.22019384 -0.26969651 -0.93743185  1.08492477
  0.          0.          0.          1.        
10 11 64
 0.01701055 -0.96282207  0.26960026  0.77860455
 -0.99696913  0.00413958  0.07768791 -0.06125276
 -0.07591567 -0.27010465 -0.95983347  1.10210989
  0.          0.          0.          1.        
11 12 64
-0.02683236 -0.96258016  0.26966547  0.77851456
 -0.99718081  0.00686371 -0.07472164  0.05476279
  0.07007467 -0.27091019 -0.96005063  1.10240953
  0.          0.          0.          1.        
12 13 64
-0.07017011 -0.96222439  0.26305965  0.78349726
 -0.97421894  0.00942124 -0.22540783  0.16947749
  0.21441457 -0.27209458 -0.93807832  1.0858168 
  0.          0.          0.          1.        
13 14 64
-0.11199586 -0.9617575   0.24995889  0.79343677
 -0.92862093  0.01175561 -0.3708436   0.28022628
  0.35372319 -0.27365    -0.89442472  1.05271639
  0.          0.          0.          1.        
14 15 64
-0.15136931 -0.96119077  0.23065048  0.80810282
 -0.86143413  0.01383478 -0.50768085  0.38443512
  0.48478714 -0.27553749 -0.83009669  1.00387788
  0.          0.          0.          1.        
15 16 64
-0.09388534 -0.98673551  0.13243328  0.88250295
 -0.86143182  0.0138248  -0.50768504  0.38443515
  0.49912    -0.16174642 -0.85130331  1.02174773
  0.          0.          0.          1.        
16 17 64
-0.07005949 -0.98707582  0.14412841  0.87362232
 -0.92861578  0.01175939 -0.37085637  0.28022644
  0.36436849 -0.15982193 -0.91743804  1.07196065
  0.          0.          0.          1.        
17 18 64
-0.0447265  -0.98735866  0.15206059  0.86760431
 -0.97421795  0.00941606 -0.22541233  0.16947753
  0.221131   -0.15822206 -0.96232368  1.10599367
  0.          0.          0.          1.        
18 19 64
-0.0184982  -0.98757704  0.15604298  0.86458773
 -0.99718035  0.00687075 -0.07472716  0.05476286
  0.0727267  -0.15698531 -0.98491951  1.12305404
  0.          0.          0.          1.        
19 20 64
 0.00806308 -0.9877236   0.15600347  0.86464225
 -0.99696873  0.00413254  0.07769343 -0.06125284
 -0.07738432 -0.15615703 -0.98469622  1.12274594
  0.          0.          0.          1.        
20 21 64
 0.03428023 -0.9877946   0.15194307  0.86776647
 -0.97358766  0.00133151  0.22830965 -0.17587238
 -0.22572536 -0.1557564  -0.96165899  1.1050765 
  0.          0.          0.          1.        
21 22 64
 0.05959109 -0.9877912   0.14393556  0.87388843
 -0.92758165 -0.00151729  0.37361743 -0.28643327
 -0.36883762 -0.15577625 -0.91634741  1.07045576
  0.          0.          0.          1.        
22 23 64
 0.08338434 -0.98771365  0.13216959  0.8828668 
 -0.86001781 -0.00432621  0.51024567 -0.39036441
 -0.50340482 -0.1562147  -0.84981207  1.01969006
  0.          0.          0.          1.        
23 24 64
 0.02422601 -0.99918366  0.03232811  0.95859846
 -0.86002385 -0.00434355  0.51023535 -0.39036434
 -0.5096784  -0.04016391 -0.85942701  1.028748  
  0.          0.          0.          1.        
24 25 64
 0.01624872 -0.99921013  0.03626436  0.95559275
 -0.92758317 -0.00152439  0.37361362 -0.28643324
 -0.37326324 -0.03970896 -0.92687526  1.08021356
  0.          0.          0.          1.        
25 26 64
 0.00777421 -0.99921092  0.03894992  0.95354284
 -0.97359058  0.00132431  0.22829725 -0.17587226
 -0.22816869 -0.0396961  -0.97281204  1.11531123
  0.          0.          0.          1.        
26 27 64
-1.01295354e-03 -9.99186543e-01  4.03140906e-02  9.52495882e-01
 -9.96968023e-01  4.14573308e-03  7.77018251e-02 -6.12529037e-02
 -7.78057495e-02 -4.01131509e-02 -9.96161232e-01  1.13322422e+00
  0.00000000e+00  0.00000000e+00  0.00000000e+00  1.00000000e+00
27 28 64
-0.00989342 -0.99913754  0.0403273   0.95247765
 -0.99717981  0.00685755 -0.07473556  0.05476294
  0.07439456 -0.04095296 -0.99638763  1.13353661
  0.          0.          0.          1.        
28 29 64
-0.01868434 -0.99906493  0.03898927  0.95348853
 -0.97422076  0.0094233  -0.22539991  0.1694774 
  0.22482174 -0.04219561 -0.97348586  1.11624099
  0.          0.          0.          1.        
29 30 64
-0.02716628 -0.99897057  0.03632894  0.95550364
 -0.92861721  0.0117665  -0.37085256  0.28022641
  0.37004333 -0.04381036 -0.92798092  1.08173919
  0.          0.          0.          1.        
30 31 64
-0.03515446 -0.99885601  0.03241644  0.95847658
 -0.86143763  0.01384221 -0.5076747   0.38443506
  0.50664521 -0.04577177 -0.86093877  1.030834  
  0.          0.          0.          1.        
31 32 64
 0.02408661 -0.9973918  -0.06803988  1.03499248
 -0.8614377   0.0138291  -0.50767494  0.38443504
  0.50729175  0.07084028 -0.85885781  1.03101327
  0.          0.          0.          1.        
32 33 64
 0.01609841 -0.99727814 -0.0719524   1.03796642
 -0.92861721  0.0117665  -0.37085256  0.28022641
  0.37068978  0.07278637 -0.92590023  1.08191844
  0.          0.          0.          1.        
33 34 64
 0.00761647 -0.9971835  -0.07461272  1.03998153
 -0.97422075  0.00942412 -0.2253999   0.1694774 
  0.22546822  0.07440602 -0.97140508  1.11642025
  0.          0.          0.          1.        
34 35 64
-0.00117444 -0.99711088 -0.07595075  1.04099141
 -0.99717975  0.00686718 -0.07473539  0.05476295
  0.07504104  0.07564878 -0.99430685  1.13371586
  0.          0.          0.          1.        
35 36 64
-0.01005491 -0.99706188 -0.07593754  1.04097318
 -0.99696808  0.0041361   0.07770165 -0.06125292
 -0.07715927  0.07648859 -0.99408045  1.13340347
  0.          0.          0.          1.        
36 37 64
-0.01884207 -0.99703751 -0.07457337  1.03992722
 -0.97359058  0.00132349  0.22829723 -0.17587226
 -0.22752221  0.07690552 -0.97073126  1.11549049
  0.          0.          0.          1.        
37 38 64
-0.02731659 -0.99703859 -0.07188782  1.03787731
 -0.92758317 -0.00152438  0.37361362 -0.28643324
 -0.37261678  0.07688778 -0.92479457  1.08039281
  0.          0.          0.          1.        
38 39 64
-0.03529387 -0.99706416 -0.06795155  1.03487061
 -0.86002378 -0.00433044  0.51023558 -0.39036432
 -0.50903187  0.07644814 -0.85734604  1.02892728
  0.          0.          0.          1.        
39 40 64
-0.09430167 -0.98138425 -0.16730854  1.110645  
 -0.86001794 -0.00434821  0.51024528 -0.39036445
 -0.50147417  0.19200532 -0.84359802  1.0202254 
  0.          0.          0.          1.        
40 41 64
-0.07050841 -0.98130571 -0.17907448  1.11962237
 -0.92758173 -0.00153162  0.37361718 -0.28643329
 -0.36690694  0.19244937 -0.91013325  1.0709911 
  0.          0.          0.          1.        
41 42 64
-0.04519757 -0.98130398 -0.18708203  1.12574433
 -0.97358775  0.00131582  0.22830937 -0.1758724 
 -0.22379473  0.1924598  -0.955445    1.10561183
  0.          0.          0.          1.        
42 43 64
-0.01898043 -0.98137877 -0.1911425   1.12886954
 -0.99696864  0.00414959  0.07769373 -0.06125281
 -0.07545381  0.19203774 -0.97848262  1.12328124
  0.          0.          0.          1.        
43 44 64
 0.00758085 -0.98152533 -0.19118201  1.12892406
 -0.99718044  0.00685369 -0.07472747  0.05476284
  0.07465721  0.19120946 -0.9787059   1.12358934
  0.          0.          0.          1.        
44 45 64
 0.03380917 -0.98173992 -0.18719955  1.12590649
 -0.97421787  0.00943176 -0.22541205  0.16947755
  0.22306162  0.18999414 -0.95610969  1.106529  
  0.          0.          0.          1.        
45 46 64
 0.05914217 -0.98202109 -0.17926734  1.11988848
 -0.9286157   0.01177372 -0.37085612  0.28022646
  0.36629917  0.1884037  -0.91122388  1.072496  
  0.          0.          0.          1.        
46 47 64
 0.082968   -0.98236239 -0.16757222  1.11100885
 -0.86143169  0.0138468  -0.50768465  0.38443519
  0.50105064  0.1864736  -0.84508925  1.02228307
  0.          0.          0.          1.        
47 48 64
 0.14075104 -0.95396849 -0.26482688  1.1854919 
 -0.86143412  0.0138367  -0.50768081  0.38443512
  0.48797583  0.29958751 -0.81983347  1.00476205
  0.          0.          0.          1.        
48 49 64
 0.10137754 -0.95340949 -0.28413542  1.20015694
 -0.92862081  0.0117771  -0.37084322  0.28022632
  0.35691173  0.30144924 -0.88416196  1.05360052
  0.          0.          0.          1.        
49 50 64
 0.05955177 -0.95294502 -0.29723623  1.21009644
 -0.97421891  0.00942644 -0.22540774  0.16947749
  0.21760306  0.30299658 -0.9278157   1.08670092
  0.          0.          0.          1.        
50 51 64
 0.01621406 -0.95258446 -0.30384197  1.21507915
 -0.99718083  0.00686054 -0.0747217   0.05476279
  0.07326325  0.30419693 -0.94978773  1.10329367
  0.          0.          0.          1.        
51 52 64
-0.02762886 -0.95234255 -0.30377675  1.21498917
 -0.99696912  0.00414276  0.07768797 -0.06125276
 -0.07272708  0.30500247 -0.94957057  1.10299403
  0.          0.          0.          1.        
52 53 64
-0.07094808 -0.95222495 -0.29704211  1.20982859
 -0.97358875  0.00132115  0.22830507 -0.17587235
 -0.21700535  0.30539466 -0.92716923  1.08580889
  0.          0.          0.          1.        
53 54 64
-0.11273726 -0.95222805 -0.28381693  1.19971747
 -0.92758691 -0.00153494  0.37360429 -0.28643316
 -0.35619213  0.305384   -0.88310123  1.05213688
  0.          0.          0.          1.        
54 55 64
-0.15205691 -0.95235283 -0.26439133  1.18489091
 -0.86002026 -0.00433809  0.51024145 -0.39036439
 -0.48707684  0.30496764 -0.8183831   1.00276077
  0.          0.          0.          1.        
55 56 64
-0.20771712 -0.91037805 -0.35786226  1.25659863
 -0.86002163 -0.00434335  0.51023909 -0.39036438
 -0.46606479  0.41375468 -0.78204263  0.97677096
  0.          0.          0.          1.        
56 57 64
-0.15345171 -0.9102004  -0.38469184  1.27707239
 -0.92758382 -0.00152293  0.37361202 -0.28643322
 -0.34064766  0.41416533 -0.84405346  1.02408507
  0.          0.          0.          1.        
57 58 64
-0.09573406 -0.91019767 -0.40295805  1.2910356 
 -0.97358805  0.00132607  0.228308   -0.17587237
 -0.20727105  0.414172   -0.88628453  1.05635096
  0.          0.          0.          1.        
58 59 64
-0.0359131  -0.9103562  -0.41226427  1.29816218
 -0.9969682   0.00414279  0.07769967 -0.06125289
 -0.06902645  0.41380481 -0.90774497  1.07281844
  0.          0.          0.          1.        
59 60 64
 0.02463834 -0.91069031 -0.41235434  1.29828646
 -0.99717995  0.00686049 -0.07473341  0.05476292
  0.07088795  0.41303279 -0.90795309  1.07310561
  0.          0.          0.          1.        
60 61 64
 0.08448483 -0.91119208 -0.40322612  1.2914055 
 -0.97421828  0.00942151 -0.22541067  0.16947752
  0.20919141  0.41187405 -0.88690401  1.05720575
  0.          0.          0.          1.        
61 62 64
 0.14225302 -0.91183203 -0.3851317   1.27767932
 -0.92861787  0.01176505 -0.37085095  0.28022639
  0.34268487  0.41039485 -0.84506991  1.02548761
  0.          0.          0.          1.        
62 63 64
 0.19659275 -0.91260895 -0.35846366  1.25742848
 -0.86143542  0.01384199 -0.50767845  0.3844351 
  0.46827375  0.4085992  -0.78343244  0.97868868
  0.          0.          0.          1.        
