-1 0 64
-0.20622303 -0.92340727  0.32371451  0.74245179
 -0.86063842  0.01375648 -0.50903072  0.37908076
  0.46558949 -0.383575   -0.79755667  0.96643972
  0.          0.          0.          1.        
0 1 64
-0.15192513 -0.9241704   0.35046801  0.72246513
 -0.92803695  0.01136997 -0.37231458  0.27684471
  0.3400973  -0.3818112  -0.85939166  1.01262572
  0.          0.          0.          1.        
1 2 64
-0.09418526 -0.92478306  0.36865354  0.7088829 
 -0.973867    0.00871264 -0.22695189  0.16814701
  0.20666932 -0.38039504 -0.9014363   1.04401325
  0.          0.          0.          1.        
2 3 64
-0.03435284 -0.92521833  0.37787687  0.70201975
 -0.99706648  0.00585141 -0.07631647  0.05551447
  0.06839828 -0.37939005 -0.92270519  1.05987257
  0.          0.          0.          1.        
3 4 64
 0.02619901 -0.92548256  0.3778831   0.7020357 
 -0.99709524  0.00285075  0.07611145 -0.05843647
 -0.07151707 -0.37877948 -0.92271957  1.05983573
  0.          0.          0.          1.        
4 5 64
 8.60348549e-02 -9.25569504e-01  3.68672071e-01  7.08930344e-01
 -9.73952591e-01 -2.12706226e-04  2.26751637e-01 -1.71056810e-01
 -2.09795981e-01 -3.78577663e-01 -9.01479117e-01  1.04390360e+00
  0.00000000e+00  0.00000000e+00  0.00000000e+00  1.00000000e+00
5 6 64
 0.14378161 -0.92546081  0.35049841  0.72254298
 -0.92817737 -0.00326979  0.37212374 -0.2797304 
 -0.34323988 -0.37882924 -0.85946192  1.01244582
  0.          0.          0.          1.        
6 7 64
 0.1980896  -0.92517161  0.32375607  0.74255824
 -0.86083035 -0.0062443   0.50885374 -0.38192997
 -0.4687554  -0.37949768 -0.79765273  0.96619373
  0.          0.          0.          1.        
7 8 64
 0.14218164 -0.96305801  0.2286999   0.81301685
 -0.86082903 -0.00624966  0.50885589 -0.38192997
 -0.48862845 -0.26922148 -0.82991688  0.99195071
  0.          0.          0.          1.        
8 9 64
 0.10283113 -0.96327095  0.24806215  0.79852203
 -0.92818033 -0.00325746  0.37211647 -0.27973041
 -0.35764093 -0.26851156 -0.89442412  1.04021848
  0.          0.          0.          1.        
9 10 64
 6.10208776e-02 -9.63348523e-01  2.61220357e-01  7.88664013e-01
 -9.73953231e-01 -2.07664546e-04  2.26748896e-01 -1.71056816e-01
 -2.18383968e-01 -2.68252828e-01 -9.38269078e-01  1.07304721e+00
  0.00000000e+00  0.00000000e+00  0.00000000e+00  1.00000000e+00
10 11 64
 0.01769087 -0.96328819  0.26788597  0.78367132
 -0.99709613  0.00285123  0.07609975 -0.0584365 
 -0.0740698  -0.26845433 -0.96044049  1.08967359
  0.          0.          0.          1.        
11 12 64
-0.02615235 -0.96309687  0.26788146  0.78365978
 -0.99706737  0.00585094 -0.07630477  0.0555145 
  0.07192153 -0.26909141 -0.96042548  1.08971203
  0.          0.          0.          1.        
12 13 64
-0.06947986 -0.96277904  0.26120694  0.78862966
 -0.97386768  0.0087076  -0.22694915  0.16814702
  0.2162274  -0.27014939 -0.9382244   1.07316163
  0.          0.          0.          1.        
13 14 64
-0.11128513 -0.96233659  0.24804013  0.79846566
 -0.92804002  0.01135767 -0.3723073   0.27684473
  0.35546778 -0.27162344 -0.89435081  1.04040622
  0.          0.          0.          1.        
14 15 64
-0.1506283  -0.96178024  0.22866979  0.81293976
 -0.86063706  0.01376183 -0.50903288  0.37908076
  0.48643085 -0.27347646 -0.82981664  0.99220742
  0.          0.          0.          1.        
15 16 64
-0.09295799 -0.987081    0.13049869  0.88594818
 -0.86063473  0.01375186 -0.50903709  0.37908075
  0.50066624 -0.15963076 -0.85079453  1.00959349
  0.          0.          0.          1.        
16 17 64
-0.06915049 -0.98741504  0.1422313   0.87718385
 -0.92803485  0.01136148 -0.37232006  0.2768447 
  0.36601847 -0.15774172 -0.91714123  1.05914877
  0.          0.          0.          1.        
17 18 64
-0.0438299  -0.98768307  0.15020348  0.87122849
 -0.97386668  0.00870244 -0.22695365  0.168147  
  0.22285114 -0.15622552 -0.96225306  1.09282705
  0.          0.          0.          1.        
18 19 64
-0.01760776 -0.98787847  0.15422744  0.86821947
 -0.99706691  0.00585799 -0.07631028  0.05551449
  0.07448182 -0.15511873 -0.98508408  1.1098438 
  0.          0.          0.          1.        
19 20 64
 0.0089537  -0.98799438  0.15423017  0.86822647
 -0.99709573  0.00284418  0.07610526 -0.05843649
 -0.07563022 -0.15446367 -0.98509951  1.10980428
  0.          0.          0.          1.        
20 21 64
 3.51773712e-02 -9.88027847e-01  1.50211606e-01  8.71249292e-01
 -9.73952184e-01 -2.02509989e-04  2.26753397e-01 -1.71056803e-01
 -2.24008251e-01 -1.54275510e-01 -9.62299003e-01  1.09270940e+00
  0.00000000e+00  0.00000000e+00  0.00000000e+00  1.00000000e+00
21 22 64
 0.06050097 -0.98798082  0.14224463  0.87721798
 -0.9281752  -0.00326132  0.37212922 -0.27973038
 -0.36719263 -0.15454212 -0.91721661  1.05895574
  0.          0.          0.          1.        
22 23 64
 0.08431289 -0.98785458  0.13051691  0.88599485
 -0.86082661 -0.00623972  0.5088601  -0.38192995
 -0.5018654  -0.1552559  -0.8508976   1.00932955
  0.          0.          0.          1.        
23 24 64
 0.02532748 -0.99921198  0.03056032  0.96049894
 -0.86083262 -0.00625705  0.50884974 -0.38192998
 -0.50825754 -0.0391952  -0.86031274  1.01809367
  0.          0.          0.          1.        
24 25 64
 0.01734395 -0.99925475  0.03448374  0.95756067
 -0.92817671 -0.00326841  0.3721254  -0.27973039
 -0.37173537 -0.03846113 -0.92754167  1.06840407
  0.          0.          0.          1.        
25 26 64
 8.86515984e-03 -9.99270164e-01  3.71557268e-02  9.55562138e-01
 -9.73955074e-01 -2.09694775e-04  2.26740974e-01 -1.71056837e-01
 -2.26567699e-01 -3.81981036e-02 -9.73246106e-01  1.10262270e+00
  0.00000000e+00  0.00000000e+00  0.00000000e+00  1.00000000e+00
26 27 64
 7.58064091e-05 -9.99258371e-01  3.85058791e-02  9.54549210e-01
 -9.97095052e-01  2.85735710e-03  7.61136811e-02 -5.84364676e-02
 -7.61672580e-02 -3.83997914e-02 -9.96355361e-01  1.11995333e+00
  0.00000000e+00  0.00000000e+00  0.00000000e+00  1.00000000e+00
27 28 64
-0.00880472 -0.99921962  0.03850497  0.95454687
 -0.99706634  0.0058448  -0.0763187   0.05551447
  0.07603409 -0.03906397 -0.99633971  1.1199934 
  0.          0.          0.          1.        
28 29 64
-0.01759356 -0.9991547   0.03715301  0.95555517
 -0.97386951  0.00870965 -0.22694123  0.16814704
  0.22642581 -0.04017489 -0.97319953  1.10274195
  0.          0.          0.          1.        
29 30 64
-0.02607134 -0.9990653   0.03447928  0.95754924
 -0.9280363   0.01136858 -0.37231624  0.27684471
  0.37157625 -0.04170481 -0.92746525  1.06859976
  0.          0.          0.          1.        
30 31 64
-0.0340534  -0.99895285  0.03055421  0.9604833 
 -0.86064058  0.01376924 -0.50902672  0.37908077
  0.50807299 -0.04363028 -0.86020825  1.01836124
  0.          0.          0.          1.        
31 32 64
 0.02534641 -0.99723864 -0.06980436  1.03553338
 -0.86064063  0.01375614 -0.50902698  0.37908077
  0.50858161  0.07297848 -0.85791543  1.01839169
  0.          0.          0.          1.        
32 33 64
 0.01736436 -0.9971271  -0.07372945  1.03846844
 -0.9280363   0.01136858 -0.37231624  0.27684471
  0.37208481  0.07488864 -0.92517273  1.06863021
  0.          0.          0.          1.        
33 34 64
 0.00888658 -0.9970374  -0.07640317  1.04046251
 -0.97386951  0.00871047 -0.22694121  0.16814704
  0.22693439  0.07642345 -0.97090692  1.1027724 
  0.          0.          0.          1.        
34 35 64
 9.77343615e-05 -9.96972482e-01 -7.77551300e-02  1.04146981e+00
 -9.97066302e-01  5.85443248e-03 -7.63185107e-02  5.55144705e-02
  7.65426672e-02  7.75344789e-02 -9.94047094e-01  1.12002385e+00
  0.00000000e+00  0.00000000e+00  0.00000000e+00  1.00000000e+00
35 36 64
-0.00878279 -0.99693373 -0.07775604  1.04146747
 -0.99709509  0.00284773  0.07611349 -0.05843647
 -0.07565868  0.07819866 -0.99406274  1.11998378
  0.          0.          0.          1.        
36 37 64
-1.75721456e-02 -9.96921943e-01 -7.64058909e-02  1.04045554e+00
 -9.73955078e-01 -2.10512404e-04  2.26740958e-01 -1.71056837e-01
 -2.26059121e-01  7.84002305e-02 -9.70953489e-01  1.10265315e+00
  0.00000000e+00  0.00000000e+00  0.00000000e+00  1.00000000e+00
37 38 64
-0.02605093 -0.99693764 -0.07373391  1.03845701
 -0.92817671 -0.0032684   0.3721254  -0.27973039
 -0.37122681  0.07813231 -0.92524915  1.06843452
  0.          0.          0.          1.        
38 39 64
-0.03403447 -0.99697952 -0.06981047  1.03551775
 -0.86083256 -0.00624394  0.50885    -0.38192998
 -0.50774892  0.07741356 -0.85801992  1.01812413
  0.          0.          0.          1.        
39 40 64
-0.09290146 -0.98118776 -0.16923324  1.11002992
 -0.86082671 -0.00626171  0.50885967 -0.38192996
 -0.50034657  0.1929543  -0.84405091  1.00942049
  0.          0.          0.          1.        
40 41 64
-0.06908953 -0.98106054 -0.18096094  1.11880579
 -0.92817526 -0.00327565  0.37212894 -0.27973038
 -0.36567378  0.19367368 -0.91036981  1.05904668
  0.          0.          0.          1.        
41 42 64
-4.37659382e-02 -9.81015174e-01 -1.88927951e-01  1.12477448e+00
 -9.73952252e-01 -2.18204900e-04  2.26753088e-01 -1.71056808e-01
 -2.22489446e-01  1.93930865e-01 -9.55452388e-01  1.09280034e+00
  0.00000000e+00  0.00000000e+00  0.00000000e+00  1.00000000e+00
42 43 64
-0.01754228 -0.98105244 -0.19294659  1.1277983 
 -0.99709566  0.00286123  0.07610559 -0.05843649
 -0.07411151  0.19372127 -0.97825332  1.10989521
  0.          0.          0.          1.        
43 44 64
 0.00901918 -0.98116834 -0.19294386  1.1278053 
 -0.99706699  0.00584093 -0.07631061  0.05551449
  0.07600053  0.19306621 -0.97823788  1.10993473
  0.          0.          0.          1.        
44 45 64
 0.03524133 -0.98135995 -0.18891983  1.12479528
 -0.97386661  0.00871813 -0.22695334  0.16814701
  0.22436995  0.19198085 -0.95540645  1.09291798
  0.          0.          0.          1.        
45 46 64
 0.06056193 -0.98162631 -0.18094761  1.11883992
 -0.92803479  0.01137581 -0.37231978  0.2768447 
  0.36753732  0.19047408 -0.91029443  1.05923971
  0.          0.          0.          1.        
46 47 64
 0.08436942 -0.98196134 -0.16921502  1.11007659
 -0.86063463  0.01377386 -0.50903665  0.37908075
  0.50218506  0.18857943 -0.84394784  1.00968442
  0.          0.          0.          1.        
47 48 64
 0.142275   -0.95332497 -0.26632559  1.1830991 
 -0.86063705  0.01376376 -0.50903284  0.37908076
  0.48893936  0.30163231 -0.81850855  0.99235761
  0.          0.          0.          1.        
48 49 64
 0.1029318  -0.95277636 -0.28569608  1.1975722 
 -0.92803992  0.01137916 -0.37230688  0.27684474
  0.35797618  0.30345958 -0.88304323  1.04055641
  0.          0.          0.          1.        
49 50 64
 0.06112651 -0.95233634 -0.29886293  1.2074082 
 -0.97386766  0.00871281 -0.22694905  0.16814702
  0.21873576  0.30492555 -0.92691697  1.07331181
  0.          0.          0.          1.        
50 51 64
 0.01779902 -0.95201372 -0.30553736  1.21237807
 -0.99706739  0.00584776 -0.07630483  0.0555145 
  0.07442996  0.30599949 -0.94911775  1.08986222
  0.          0.          0.          1.        
51 52 64
-0.02604419 -0.95182239 -0.30554186  1.21236653
 -0.99709612  0.0028544   0.07609981 -0.0584365 
 -0.07156137  0.30663657 -0.94913276  1.08982378
  0.          0.          0.          1.        
52 53 64
-6.93742231e-02 -9.51766854e-01 -2.98876349e-01  1.20737384e+00
 -9.73953253e-01 -2.12868446e-04  2.26748793e-01 -1.71056817e-01
 -2.15875607e-01  3.06822114e-01 -9.26961657e-01  1.07319740e+00
  0.00000000e+00  0.00000000e+00  0.00000000e+00  1.00000000e+00
53 54 64
-0.11118446 -0.951842   -0.28571809  1.19751583
 -0.92818042 -0.00327895  0.37211604 -0.27973042
 -0.35513253  0.30657146 -0.88311654  1.04036867
  0.          0.          0.          1.        
54 55 64
-0.15053494 -0.9520472  -0.26635569  1.18302201
 -0.86082904 -0.00625159  0.50885586 -0.38192997
 -0.48611994  0.3058873  -0.8186088   0.99210091
  0.          0.          0.          1.        
55 56 64
-0.2060941  -0.90996744 -0.35983953  1.25350151
 -0.8608304  -0.00625685  0.50885349 -0.38192997
 -0.46529157  0.41463251 -0.78203813  0.96640113
  0.          0.          0.          1.        
56 57 64
-0.15178612 -0.90967875 -0.38658187  1.27351576
 -0.92817736 -0.00326695  0.3721238  -0.2797304 
 -0.33977605  0.41529977 -0.84384734  1.01265321
  0.          0.          0.          1.        
57 58 64
-9.40393903e-02 -9.09576520e-01 -4.04755664e-01  1.28712940e+00
 -9.73952571e-01 -2.07944173e-04  2.26751730e-01 -1.71056809e-01
 -2.06332216e-01  4.15536414e-01 -8.85864835e-01  1.04411099e+00
  0.00000000e+00  0.00000000e+00  0.00000000e+00  1.00000000e+00
58 59 64
-0.03420349 -0.90964934 -0.41396641  1.29402405
 -0.99709523  0.00285442  0.07611152 -0.05843647
 -0.06805316  0.41536721 -0.90710465  1.06004313
  0.          0.          0.          1.        
59 60 64
 0.02634836 -0.90991358 -0.41396019  1.29403999
 -0.99706649  0.00584774 -0.07631654  0.05551447
  0.07186219  0.41475665 -0.90709026  1.06007996
  0.          0.          0.          1.        
60 61 64
 0.08618073 -0.91036297 -0.40473714  1.28717684
 -0.97386702  0.00870788 -0.22695198  0.16814701
  0.21013308  0.41371903 -0.88582202  1.04422063
  0.          0.          0.          1.        
61 62 64
 0.14392063 -0.91096916 -0.38655147  1.27359361
 -0.92803696  0.01136713 -0.37231463  0.27684471
  0.34356113  0.41231781 -0.84377709  1.01283311
  0.          0.          0.          1.        
62 63 64
 0.19821852 -0.91173178 -0.35979796  1.25360795
 -0.86063836  0.01376903 -0.50903047  0.37908077
  0.46905333  0.4105552  -0.78194207  0.96664711
  0.          0.          0.          1.        
