-1 0 64
-0.20622448 -0.92340874  0.32370939  0.73877961
 -0.86063515  0.01375798 -0.5090362   0.38437144
  0.46559488 -0.3835714  -0.79755525  0.97510627
  0.          0.          0.          1.        
0 1 64
-0.15192676 -0.92417194  0.35046324  0.71851704
 -0.92803456  0.01137087 -0.3723205   0.28064325
  0.34010309 -0.38180744 -0.85939105  1.02192997
  0.          0.          0.          1.        
1 2 64
-0.094187   -0.92478463  0.36864914  0.70475223
 -0.97386554  0.00871291 -0.22695812  0.17036519
  0.20667537 -0.3803912  -0.90143653  1.05373963
  0.          0.          0.          1.        
2 3 64
-0.03435463 -0.9252199   0.37787285  0.69780377
 -0.99706599  0.00585104 -0.07632286  0.05610077
  0.06840447 -0.37938621 -0.92270631  1.06979562
  0.          0.          0.          1.        
3 4 64
 0.02619722 -0.9254841   0.37787947  0.69783407
 -0.99709573  0.00284976  0.07610505 -0.0594959 
 -0.07151088 -0.37877574 -0.92272159  1.06972559
  0.          0.          0.          1.        
4 5 64
 8.60331169e-02 -9.25570959e-01  3.68668824e-01  7.04842433e-01
 -9.73954049e-01 -2.14302209e-04  2.26745375e-01 -1.73737134e-01
 -2.09789927e-01 -3.78574106e-01 -9.01482020e-01  1.05353118e+00
  0.00000000e+00  0.00000000e+00  0.00000000e+00  1.00000000e+00
5 6 64
 0.14377999 -0.92546215  0.35049553  0.71866505
 -0.92817976 -0.00327195  0.37211776 -0.28396934
 -0.3432341  -0.37882595 -0.85946568  1.02158794
  0.          0.          0.          1.        
6 7 64
 0.19808815 -0.92517281  0.32375355  0.73898198
 -0.86083361 -0.00624698  0.50884818 -0.38762909
 -0.46875002 -0.37949473 -0.7976573   0.9746386 
  0.          0.          0.          1.        
7 8 64
 0.14218082 -0.96305886  0.22869686  0.81044798
 -0.8608323  -0.00625234  0.50885033 -0.38762911
 -0.48862293 -0.2692184  -0.82992113  1.00075446
  0.          0.          0.          1.        
8 9 64
 0.10283019 -0.9632719   0.24805885  0.79573473
 -0.92818272 -0.00325963  0.37211049 -0.28396928
 -0.357635   -0.26850813 -0.89442752  1.04974992
  0.          0.          0.          1.        
9 10 64
 6.10198562e-02 -9.63349554e-01  2.61216795e-01  7.85724682e-01
 -9.73954688e-01 -2.09260517e-04  2.26742634e-01 -1.73737110e-01
 -2.18377753e-01 -2.68249125e-01 -9.38271583e-01  1.08308522e+00
  0.00000000e+00  0.00000000e+00  0.00000000e+00  1.00000000e+00
10 11 64
 0.01768981 -0.96328928  0.26788213  0.7806497 
 -0.99709662  0.00285024  0.07609335 -0.05949581
 -0.07406344 -0.26845044 -0.96044207  1.09998538
  0.          0.          0.          1.        
11 12 64
-0.02615341 -0.96309799  0.26787734  0.78062775
 -0.99706689  0.00585057 -0.07631116  0.05610067
  0.07192789 -0.26908742 -0.96042612  1.10005846
  0.          0.          0.          1.        
12 13 64
-0.06948088 -0.96278016  0.26120254  0.78565936
 -0.97386623  0.00870787 -0.22695538  0.17036517
  0.21623362 -0.27014539 -0.93822412  1.08330276
  0.          0.          0.          1.        
13 14 64
-0.11128607 -0.96233768  0.24803547  0.79562756
 -0.92803763  0.01135857 -0.37231322  0.28064319
  0.35547372 -0.27161952 -0.89434964  1.05010685
  0.          0.          0.          1.        
14 15 64
-0.15062912 -0.96178129  0.22866488  0.81030142
 -0.86063379  0.01376333 -0.50903835  0.38437146
  0.48643637 -0.27347272 -0.82981463  1.00124251
  0.          0.          0.          1.        
15 16 64
-0.09295815 -0.9870816   0.13049404  0.88437974
 -0.86063146  0.01375336 -0.50904256  0.3843715 
  0.50067182 -0.15962693 -0.85079197  1.01887429
  0.          0.          0.          1.        
16 17 64
-0.06915073 -0.98741567  0.1422268   0.87549441
 -0.92803247  0.01136238 -0.37232598  0.2806433 
  0.36602447 -0.1577377  -0.91713952  1.0691138 
  0.          0.          0.          1.        
17 18 64
-0.04383019 -0.98768372  0.15019915  0.86945902
 -0.97386523  0.00870271 -0.22695988  0.1703652 
  0.22285744 -0.15622142 -0.96225227  1.10324501
  0.          0.          0.          1.        
18 19 64
-0.01760808 -0.98787911  0.15422327  0.86641281
 -0.99706642  0.00585762 -0.07631666  0.05610072
  0.07448826 -0.15511464 -0.98508423  1.1204729 
  0.          0.          0.          1.        
19 20 64
 0.00895338 -0.987995    0.15422617  0.8664261 
 -0.99709622  0.00284318  0.07609886 -0.05949585
 -0.07562379 -0.15445968 -0.98510063  1.12039776
  0.          0.          0.          1.        
20 21 64
 3.51770802e-02 -9.88028439e-01  1.50207776e-01  8.69498564e-01
 -9.73953641e-01 -2.04105978e-04  2.26747135e-01 -1.73737145e-01
 -2.24001960e-01 -1.54271712e-01 -9.62301076e-01  1.10302134e+00
  0.00000000e+00  0.00000000e+00  0.00000000e+00  1.00000000e+00
21 22 64
 0.06050073 -0.98798136  0.14224096  0.87555931
 -0.92817759 -0.00326348  0.37212324 -0.28396939
 -0.36718663 -0.1545386  -0.9172196   1.06874681
  0.          0.          0.          1.        
22 23 64
 0.08431273 -0.98785506  0.1305134   0.88446847
 -0.86082988 -0.00624239  0.50885454 -0.38762914
 -0.50185982 -0.15525275 -0.85090147  1.01837249
  0.          0.          0.          1.        
23 24 64
 0.02532797 -0.99921209  0.03055638  0.9600358 
 -0.86083588 -0.00625972  0.50884418 -0.38762906
 -0.50825198 -0.03919202 -0.86031617  1.0272529 
  0.          0.          0.          1.        
24 25 64
 0.01734441 -0.99925488  0.03447975  0.95705327
 -0.9281791  -0.00327057  0.37211942 -0.28396936
 -0.37172938 -0.03845758 -0.92754422  1.07832169
  0.          0.          0.          1.        
25 26 64
 8.86560334e-03 -9.99270311e-01  3.71516812e-02  9.55023871e-01
 -9.73956532e-01 -2.11290715e-04  2.26734712e-01 -1.73737046e-01
 -2.26561416e-01 -3.81942626e-02 -9.73247719e-01  1.11306837e+00
  0.00000000e+00  0.00000000e+00  0.00000000e+00  1.00000000e+00
26 27 64
 7.62412151e-05 -9.99258529e-01  3.85017770e-02  9.53994271e-01
 -9.97095543e-01  2.85636377e-03  7.61072829e-02 -5.94959197e-02
 -7.61608266e-02 -3.83957528e-02 -9.96356008e-01  1.13068436e+00
  0.00000000e+00  0.00000000e+00  0.00000000e+00  1.00000000e+00
27 28 64
-0.00880429 -0.99921978  0.03850081  0.95398983
 -0.99706586  0.00584443 -0.07632509  0.05610078
  0.07604052 -0.03905983 -0.99633938  1.13076054
  0.          0.          0.          1.        
28 29 64
-0.01759312 -0.99915487  0.03714879  0.95501063
 -0.97386806  0.00870992 -0.22694745  0.1703651 
  0.22643209 -0.04017074 -0.97319824  1.11329511
  0.          0.          0.          1.        
29 30 64
-0.02607088 -0.99906545  0.03447501  0.95703154
 -0.92803391  0.01136948 -0.37232216  0.28064327
  0.37158224 -0.04170075 -0.92746304  1.07869374
  0.          0.          0.          1.        
30 31 64
-0.03405291 -0.998953    0.03054989  0.96000608
 -0.86063731  0.01377075 -0.5090322   0.38437141
  0.50807855 -0.0436264  -0.86020516  1.0277616 
  0.          0.          0.          1.        
31 32 64
 0.02534754 -0.99723834 -0.06980829  1.03615385
 -0.86063737  0.01375764 -0.50903246  0.38437141
  0.50858708  0.07298235 -0.85791186  1.02778368
  0.          0.          0.          1.        
32 33 64
 0.01736551 -0.99712678 -0.07373343  1.03912939
 -0.92803391  0.01136947 -0.37232216  0.28064327
  0.3720907   0.07489269 -0.92517003  1.07871582
  0.          0.          0.          1.        
33 34 64
 0.00888775 -0.99703708 -0.07640721  1.04115031
 -0.97386805  0.00871073 -0.22694744  0.1703651 
  0.22694057  0.07642759 -0.97090514  1.11331719
  0.          0.          0.          1.        
34 35 64
 9.89149997e-05 -9.96972163e-01 -7.77592226e-02  1.04217011e+00
 -9.97065815e-01  5.85406499e-03 -7.63248964e-02  5.61007846e-02
  7.65490045e-02  7.75386123e-02 -9.94046283e-01  1.13078262e+00
  0.00000000e+00  0.00000000e+00  0.00000000e+00  1.00000000e+00
35 36 64
-0.00878161 -0.99693342 -0.07776019  1.04216566
 -0.99709559  0.00284673  0.07610709 -0.05949592
 -0.07565234  0.07820269 -0.99406291  1.13070644
  0.          0.          0.          1.        
36 37 64
-1.75709737e-02 -9.96921641e-01 -7.64100968e-02  1.04113706e+00
 -9.73956535e-01 -2.12108344e-04  2.26734696e-01 -1.73737046e-01
 -2.26052933e-01  7.84040625e-02 -9.70954620e-01  1.11309045e+00
  0.00000000e+00  0.00000000e+00  0.00000000e+00  1.00000000e+00
37 38 64
-0.02604978 -0.99693736 -0.07373817  1.03910766
 -0.9281791  -0.00327056  0.37211942 -0.28396936
 -0.37122092  0.07813586 -0.92525122  1.07834377
  0.          0.          0.          1.        
38 39 64
-0.03403334 -0.99697925 -0.06981478  1.03612413
 -0.86083582 -0.00624661  0.50884444 -0.38762906
 -0.50774345  0.07741674 -0.85802286  1.02727498
  0.          0.          0.          1.        
39 40 64
-0.0928997  -0.98118713 -0.16923787  1.1116976 
 -0.86082998 -0.00626439  0.50885411 -0.38762914
 -0.50034128  0.19295742 -0.84405334  1.01843844
  0.          0.          0.          1.        
40 41 64
-0.0690877  -0.98105984 -0.18096541  1.12060577
 -0.92817765 -0.00327781  0.37212296 -0.28396939
 -0.36566806  0.19367717 -0.91037136  1.06881276
  0.          0.          0.          1.        
41 42 64
-4.37640537e-02 -9.81014428e-01 -1.88932260e-01  1.12666651e+00
 -9.73953710e-01 -2.19800888e-04  2.26746826e-01 -1.73737148e-01
 -2.22483436e-01  1.93934636e-01 -9.55453022e-01  1.10308729e+00
  0.00000000e+00  0.00000000e+00  0.00000000e+00  1.00000000e+00
42 43 64
-0.01754037 -0.98105166 -0.19295073  1.12973997
 -0.99709615  0.00286024  0.07609919 -0.05949585
 -0.07410536  0.19372524 -0.978253    1.1204637 
  0.          0.          0.          1.        
43 44 64
 0.00902109 -0.98116755 -0.19294783  1.12975327
 -0.9970665   0.00584056 -0.076317    0.05610071
  0.07600669  0.19307028 -0.9782366   1.12053884
  0.          0.          0.          1.        
44 45 64
 0.03524322 -0.98135915 -0.18892363  1.12670606
 -0.97386516  0.0087184  -0.22695957  0.17036521
  0.22437596  0.19198493 -0.95540422  1.10331096
  0.          0.          0.          1.        
45 46 64
 0.06056376 -0.98162553 -0.18095125  1.12067066
 -0.92803241  0.01137671 -0.3723257   0.2806433 
  0.36754304  0.19047807 -0.91029128  1.06917975
  0.          0.          0.          1.        
46 47 64
 0.08437118 -0.98196059 -0.16921851  1.11178633
 -0.86063137  0.01377536 -0.50904213  0.3843715 
  0.50219036  0.18858324 -0.84394384  1.01894024
  0.          0.          0.          1.        
47 48 64
 0.14227737 -0.95332378 -0.26632859  1.18587487
 -0.86063378  0.01376526 -0.50903832  0.38437147
  0.48894441  0.30163601 -0.81850417  1.00135143
  0.          0.          0.          1.        
48 49 64
 0.10293429 -0.95277512 -0.28569933  1.20054773
 -0.92803754  0.01138006 -0.3723128   0.28064319
  0.35798165  0.30346345 -0.88303968  1.05021577
  0.          0.          0.          1.        
49 50 64
 0.06112909 -0.95233507 -0.29886645  1.21051593
 -0.97386621  0.00871307 -0.22695527  0.17036517
  0.21874151  0.3049295  -0.92691432  1.08341168
  0.          0.          0.          1.        
50 51 64
 0.01780164 -0.95201245 -0.30554115  1.21554753
 -0.9970669   0.0058474  -0.07631122  0.05610067
  0.07443585  0.30600343 -0.94911601  1.10016737
  0.          0.          0.          1.        
51 52 64
-0.02604158 -0.95182116 -0.30554594  1.21552559
 -0.99709661  0.00285341  0.07609342 -0.05949581
 -0.07155547  0.30664041 -0.94913196  1.1000943 
  0.          0.          0.          1.        
52 53 64
-6.93716519e-02 -9.51765675e-01 -2.98880702e-01  1.21045061e+00
 -9.73954711e-01 -2.14464417e-04  2.26742531e-01 -1.73737111e-01
 -2.15869858e-01  3.06825772e-01 -9.26961785e-01  1.08319414e+00
  0.00000000e+00  0.00000000e+00  0.00000000e+00  1.00000000e+00
53 54 64
-0.11118198 -0.9518409  -0.28572271  1.20044056
 -0.92818281 -0.00328111  0.37211006 -0.28396928
 -0.35512707  0.30657484 -0.88311756  1.04985884
  0.          0.          0.          1.        
54 55 64
-0.15053257 -0.95204621 -0.26636057  1.18572831
 -0.86083231 -0.00625427  0.5088503  -0.38762911
 -0.48611489  0.30589033 -0.81861067  1.00086339
  0.          0.          0.          1.        
55 56 64
-0.20609117 -0.9099661  -0.35984459  1.25720946
 -0.86083367 -0.00625953  0.50884793 -0.38762909
 -0.46528682  0.4146354  -0.78203942  0.974789  
  0.          0.          0.          1.        
56 57 64
-0.15178301 -0.90967727 -0.38658658  1.27752538
 -0.92817975 -0.00326911  0.37211781 -0.28396934
 -0.33977091  0.415303   -0.84384782  1.02173834
  0.          0.          0.          1.        
57 58 64
-9.40361672e-02 -9.09574922e-01 -4.04760003e-01  1.29134900e+00
 -9.73954028e-01 -2.09540155e-04  2.26745468e-01 -1.73737133e-01
 -2.06326805e-01  4.15539910e-01 -8.85864455e-01  1.05368158e+00
  0.00000000e+00  0.00000000e+00  0.00000000e+00  1.00000000e+00
58 59 64
-0.03420021 -0.90964767 -0.41397037  1.29835736
 -0.99709572  0.00285343  0.07610513 -0.0594959 
 -0.06804762  0.41537089 -0.90710338  1.069876  
  0.          0.          0.          1.        
59 60 64
 0.02635165 -0.90991186 -0.41396375  1.29838767
 -0.99706601  0.00584737 -0.07632293  0.05610077
  0.07186774  0.41476042 -0.9070881   1.06994603
  0.          0.          0.          1.        
60 61 64
 0.08618395 -0.91036125 -0.40474032  1.29143921
 -0.97386557  0.00870814 -0.22695821  0.17036519
  0.2101385   0.41372281 -0.88581897  1.05389003
  0.          0.          0.          1.        
61 62 64
 0.14392373 -0.91096748 -0.38655429  1.27767339
 -0.92803458  0.01136803 -0.37232055  0.28064325
  0.34356627  0.41232151 -0.84377319  1.02208037
  0.          0.          0.          1.        
62 63 64
 0.19822146 -0.91173017 -0.35980043  1.25741183
 -0.8606351   0.01377053 -0.50903595  0.38437145
  0.46905808  0.41055873 -0.78193737  0.97525667
  0.          0.          0.          1.        
